onset	duration	sample	type	value
0	0	1	New Segment	1
23.9976	0.0004	59995	Stimulus	S  1
26.174	0.0004	65436	Stimulus	S 70
26.3752	0.0004	65939	Stimulus	S130
26.46	0.0004	66151	Stimulus	S 99
28.4472	0.0004	71119	Stimulus	S 70
30.5008	0.0004	76253	Stimulus	S130
30.586	0.0004	76466	Stimulus	S 99
33.2104	0.0004	83027	Stimulus	S 70
34.8764	0.0004	87192	Stimulus	S130
34.9612	0.0004	87404	Stimulus	S 99
36.9392	0.0004	92349	Stimulus	S 70
37.8572	0.0004	94644	Stimulus	S130
37.9424	0.0004	94857	Stimulus	S 99
39.8072	0.0004	99519	Stimulus	S 70
40.342	0.0004	100856	Stimulus	S130
40.4272	0.0004	101069	Stimulus	S130
42.3712	0.0004	105929	Stimulus	S 70
44.0452	0.0004	110114	Stimulus	S130
44.1304	0.0004	110327	Stimulus	S 99
45.912	0.0004	114781	Stimulus	S 70
46.386	0.0004	115966	Stimulus	S130
46.4708	0.0004	116178	Stimulus	S 99
48.6152	0.0004	121539	Stimulus	S 70
50.4188	0.0004	126048	Stimulus	S130
50.504	0.0004	126261	Stimulus	S 99
52.9628	0.0004	132408	Stimulus	S 70
53.1828	0.0004	132958	Stimulus	S130
53.268	0.0004	133171	Stimulus	S 99
55.4448	0.0004	138613	Stimulus	S 70
55.8056	0.0004	139515	Stimulus	S130
55.8908	0.0004	139728	Stimulus	S 99
57.6736	0.0004	144185	Stimulus	S 70
58.1468	0.0004	145368	Stimulus	S130
58.2316	0.0004	145580	Stimulus	S 99
60.1696	0.0004	150425	Stimulus	S 70
60.7156	0.0004	151790	Stimulus	S130
60.8008	0.0004	152003	Stimulus	S130
62.6028	0.0004	156508	Stimulus	S 70
63.024	0.0004	157561	Stimulus	S130
63.1088	0.0004	157773	Stimulus	S 99
65.3736	0.0004	163435	Stimulus	S 70
66.5184	0.0004	166297	Stimulus	S130
66.6036	0.0004	166510	Stimulus	S 99
69.0172	0.0004	172544	Stimulus	S 70
69.7312	0.0004	174329	Stimulus	S130
69.816	0.0004	174541	Stimulus	S 99
72.456	0.0004	181141	Stimulus	S 70
72.6572	0.0004	181644	Stimulus	S130
72.742	0.0004	181856	Stimulus	S 99
75.2908	0.0004	188228	Stimulus	S 70
76.9676	0.0004	192420	Stimulus	S130
77.0528	0.0004	192633	Stimulus	S 99
79.914	0.0004	199786	Stimulus	S 70
81.296	0.0004	203241	Stimulus	S130
81.3808	0.0004	203453	Stimulus	S 99
84.154	0.0004	210386	Stimulus	S 70
85.326	0.0004	213316	Stimulus	S130
85.4108	0.0004	213528	Stimulus	S 99
87.1996	0.0004	218000	Stimulus	S 70
87.9028	0.0004	219758	Stimulus	S130
87.9876	0.0004	219970	Stimulus	S 99
90.8956	0.0004	227240	Stimulus	S 70
92.1388	0.0004	230348	Stimulus	S130
92.2236	0.0004	230560	Stimulus	S 99
93.9188	0.0004	234798	Stimulus	S 70
94.0196	0.0004	235050	Stimulus	S130
94.1048	0.0004	235263	Stimulus	S 99
96.3676	0.0004	240920	Stimulus	S 70
98.1808	0.0004	245453	Stimulus	S130
98.2656	0.0004	245665	Stimulus	S 99
100.038	0.0004	250096	Stimulus	S 70
101.2548	0.0004	253138	Stimulus	S130
101.3396	0.0004	253350	Stimulus	S 99
102.834	0.0004	257086	Stimulus	S 70
103.208	0.0004	258021	Stimulus	S130
103.2932	0.0004	258234	Stimulus	S 99
105.5128	0.0004	263783	Stimulus	S 70
106.8288	0.0004	267073	Stimulus	S130
106.9136	0.0004	267285	Stimulus	S 99
109.7132	0.0004	274284	Stimulus	S 70
111.6524	0.0004	279132	Stimulus	S130
111.7372	0.0004	279344	Stimulus	S 99
113.8984	0.0004	284747	Stimulus	S 70
115.7304	0.0004	289327	Stimulus	S130
115.8152	0.0004	289539	Stimulus	S 99
118.0728	0.0004	295183	Stimulus	S 70
118.5868	0.0004	296468	Stimulus	S130
118.672	0.0004	296681	Stimulus	S 99
121.4736	0.0004	303685	Stimulus	S 70
122.8756	0.0004	307190	Stimulus	S130
122.9608	0.0004	307403	Stimulus	S 99
125.7556	0.0004	314390	Stimulus	S 70
126.8956	0.0004	317240	Stimulus	S130
126.9808	0.0004	317453	Stimulus	S130
128.6036	0.0004	321510	Stimulus	S 70
130.5828	0.0004	326458	Stimulus	S130
130.6676	0.0004	326670	Stimulus	S 99
132.3208	0.0004	330803	Stimulus	S 70
133.1424	0.0004	332857	Stimulus	S130
133.2276	0.0004	333070	Stimulus	S 99
135.1504	0.0004	337877	Stimulus	S 70
136.7464	0.0004	341867	Stimulus	S130
136.8312	0.0004	342079	Stimulus	S 99
138.872	0.0004	347181	Stimulus	S 70
140.46	0.0004	351151	Stimulus	S130
140.5448	0.0004	351363	Stimulus	S 99
142.4572	0.0004	356144	Stimulus	S 70
143.898	0.0004	359746	Stimulus	S130
143.9832	0.0004	359959	Stimulus	S 99
145.456	0.0004	363641	Stimulus	S 70
146.5072	0.0004	366269	Stimulus	S130
146.592	0.0004	366481	Stimulus	S 99
149.046	0.0004	372616	Stimulus	S 70
151.094	0.0004	377736	Stimulus	S130
151.1792	0.0004	377949	Stimulus	S 99
152.6888	0.0004	381723	Stimulus	S 70
152.8436	0.0004	382110	Stimulus	S130
152.9288	0.0004	382323	Stimulus	S 99
154.65	0.0004	386626	Stimulus	S 70
155.94	0.0004	389851	Stimulus	S130
156.0248	0.0004	390063	Stimulus	S 99
158.6008	0.0004	396503	Stimulus	S 70
160.2208	0.0004	400553	Stimulus	S130
160.306	0.0004	400766	Stimulus	S 99
162.5416	0.0004	406355	Stimulus	S 70
163.8436	0.0004	409610	Stimulus	S130
163.9284	0.0004	409822	Stimulus	S 99
166.4004	0.0004	416002	Stimulus	S 70
168.4536	0.0004	421135	Stimulus	S130
168.5384	0.0004	421347	Stimulus	S 99
171.4256	0.0004	428565	Stimulus	S 70
171.9588	0.0004	429898	Stimulus	S130
172.0436	0.0004	430110	Stimulus	S 99
174.558	0.0004	436396	Stimulus	S 70
175.9672	0.0004	439919	Stimulus	S130
176.052	0.0004	440131	Stimulus	S 99
178.8016	0.0004	447005	Stimulus	S 70
180.0408	0.0004	450103	Stimulus	S130
180.1256	0.0004	450315	Stimulus	S 99
182.2768	0.0004	455693	Stimulus	S 70
182.9928	0.0004	457483	Stimulus	S130
183.0776	0.0004	457695	Stimulus	S 99
184.7652	0.0004	461914	Stimulus	S 70
185.3924	0.0004	463482	Stimulus	S130
185.4772	0.0004	463694	Stimulus	S 99
187.7176	0.0004	469295	Stimulus	S 70
188.8716	0.0004	472180	Stimulus	S130
188.9568	0.0004	472393	Stimulus	S 99
191.0628	0.0004	477658	Stimulus	S 70
192.6816	0.0004	481705	Stimulus	S130
192.7668	0.0004	481918	Stimulus	S 99
194.7436	0.0004	486860	Stimulus	S 70
196.7736	0.0004	491935	Stimulus	S130
196.8584	0.0004	492147	Stimulus	S 99
199.7376	0.0004	499345	Stimulus	S 70
200.6044	0.0004	501512	Stimulus	S130
200.6896	0.0004	501725	Stimulus	S 99
203.5136	0.0004	508785	Stimulus	S 70
205.4876	0.0004	513720	Stimulus	S130
205.5728	0.0004	513933	Stimulus	S 99
207.906	0.0004	519766	Stimulus	S 70
208.97	0.0004	522426	Stimulus	S130
209.0552	0.0004	522639	Stimulus	S 99
211.274	0.0004	528186	Stimulus	S 70
213.172	0.0004	532931	Stimulus	S130
213.2572	0.0004	533144	Stimulus	S 99
215.8404	0.0004	539602	Stimulus	S 70
215.9452	0.0004	539864	Stimulus	S130
216.0304	0.0004	540077	Stimulus	S130
218.2508	0.0004	545628	Stimulus	S 70
219.0016	0.0004	547505	Stimulus	S130
219.0868	0.0004	547718	Stimulus	S 99
220.5584	0.0004	551397	Stimulus	S 70
220.9852	0.0004	552464	Stimulus	S130
221.0704	0.0004	552677	Stimulus	S 99
223.6324	0.0004	559082	Stimulus	S 70
225.4852	0.0004	563714	Stimulus	S130
225.57	0.0004	563926	Stimulus	S 99
227.3588	0.0004	568398	Stimulus	S 70
228.27	0.0004	570676	Stimulus	S130
228.3548	0.0004	570888	Stimulus	S 99
230.1252	0.0004	575314	Stimulus	S 70
231.2212	0.0004	578054	Stimulus	S130
231.306	0.0004	578266	Stimulus	S 99
234.0208	0.0004	585053	Stimulus	S 70
235.8896	0.0004	589725	Stimulus	S130
235.9744	0.0004	589937	Stimulus	S 99
238.816	0.0004	597041	Stimulus	S 70
239.0108	0.0004	597528	Stimulus	S130
239.096	0.0004	597741	Stimulus	S 99
242.0044	0.0004	605012	Stimulus	S 70
243.3104	0.0004	608277	Stimulus	S130
243.3956	0.0004	608490	Stimulus	S 99
245.954	0.0004	614886	Stimulus	S 70
246.93	0.0004	617326	Stimulus	S130
247.0148	0.0004	617538	Stimulus	S 99
248.8452	0.0004	622114	Stimulus	S 70
249.4104	0.0004	623527	Stimulus	S130
249.4952	0.0004	623739	Stimulus	S 99
251.0248	0.0004	627563	Stimulus	S 70
252.196	0.0004	630491	Stimulus	S130
252.2808	0.0004	630703	Stimulus	S 99
255.0384	0.0004	637597	Stimulus	S 70
255.4656	0.0004	638665	Stimulus	S130
255.5504	0.0004	638877	Stimulus	S130
257.7808	0.0004	644453	Stimulus	S 70
258.9816	0.0004	647455	Stimulus	S130
259.0668	0.0004	647668	Stimulus	S 99
261.0652	0.0004	652664	Stimulus	S 70
262.9968	0.0004	657493	Stimulus	S130
263.082	0.0004	657706	Stimulus	S 99
264.7804	0.0004	661952	Stimulus	S 70
265.9824	0.0004	664957	Stimulus	S130
266.0676	0.0004	665170	Stimulus	S 99
268.6568	0.0004	671643	Stimulus	S 70
269.9216	0.0004	674805	Stimulus	S130
270.0068	0.0004	675018	Stimulus	S 99
272.5752	0.0004	681439	Stimulus	S 70
272.69	0.0004	681726	Stimulus	S130
272.7752	0.0004	681939	Stimulus	S 99
274.2784	0.0004	685697	Stimulus	S 70
275.9176	0.0004	689795	Stimulus	S130
276.0024	0.0004	690007	Stimulus	S 99
278.3608	0.0004	695903	Stimulus	S 70
278.806	0.0004	697016	Stimulus	S130
278.8908	0.0004	697228	Stimulus	S 99
280.8392	0.0004	702099	Stimulus	S 70
282.2232	0.0004	705559	Stimulus	S130
282.3084	0.0004	705772	Stimulus	S 99
284.96	0.0004	712401	Stimulus	S 70
286.4372	0.0004	716094	Stimulus	S130
286.522	0.0004	716306	Stimulus	S 99
288.4868	0.0004	721218	Stimulus	S 70
289.2256	0.0004	723065	Stimulus	S130
289.3108	0.0004	723278	Stimulus	S 99
291.5072	0.0004	728769	Stimulus	S 70
292.2344	0.0004	730587	Stimulus	S130
292.3192	0.0004	730799	Stimulus	S 99
294.1356	0.0004	735340	Stimulus	S 70
296.0308	0.0004	740078	Stimulus	S130
296.1156	0.0004	740290	Stimulus	S 99
297.5796	0.0004	743950	Stimulus	S 70
299.3784	0.0004	748447	Stimulus	S130
299.4636	0.0004	748660	Stimulus	S 99
302.3496	0.0004	755875	Stimulus	S 70
302.7084	0.0004	756772	Stimulus	S130
302.7936	0.0004	756985	Stimulus	S 99
305.5564	0.0004	763892	Stimulus	S 70
307.3176	0.0004	768295	Stimulus	S130
307.4024	0.0004	768507	Stimulus	S130
310.204	0.0004	775511	Stimulus	S 70
311.9148	0.0004	779788	Stimulus	S130
312	0.0004	780001	Stimulus	S 99
314.5468	0.0004	786368	Stimulus	S 70
315.6596	0.0004	789150	Stimulus	S130
315.7444	0.0004	789362	Stimulus	S 99
317.3484	0.0004	793372	Stimulus	S 70
318.4464	0.0004	796117	Stimulus	S130
318.5312	0.0004	796329	Stimulus	S 99
321.3568	0.0004	803393	Stimulus	S 70
322.2888	0.0004	805723	Stimulus	S130
322.374	0.0004	805936	Stimulus	S 99
324.5488	0.0004	811373	Stimulus	S 70
325.4388	0.0004	813598	Stimulus	S130
325.5236	0.0004	813810	Stimulus	S 99
327.8344	0.0004	819587	Stimulus	S 70
329.4796	0.0004	823700	Stimulus	S130
329.5644	0.0004	823912	Stimulus	S 99
331.0388	0.0004	827598	Stimulus	S 70
332.2796	0.0004	830700	Stimulus	S130
332.3644	0.0004	830912	Stimulus	S 99
334.0472	0.0004	835119	Stimulus	S 70
334.3004	0.0004	835752	Stimulus	S130
334.3852	0.0004	835964	Stimulus	S130
336.5488	0.0004	841373	Stimulus	S 70
338.2008	0.0004	845503	Stimulus	S130
338.2856	0.0004	845715	Stimulus	S130
340.9972	0.0004	852494	Stimulus	S 70
341.9352	0.0004	854839	Stimulus	S130
342.02	0.0004	855051	Stimulus	S 99
343.9656	0.0004	859915	Stimulus	S 70
344.3316	0.0004	860830	Stimulus	S130
344.4164	0.0004	861042	Stimulus	S 99
346.4348	0.0004	866088	Stimulus	S 70
347.5928	0.0004	868983	Stimulus	S130
347.678	0.0004	869196	Stimulus	S 99
350.2888	0.0004	875723	Stimulus	S 70
351.3888	0.0004	878473	Stimulus	S130
351.4736	0.0004	878685	Stimulus	S 99
354.02	0.0004	885051	Stimulus	S 70
354.2532	0.0004	885634	Stimulus	S130
354.338	0.0004	885846	Stimulus	S 99
355.8268	0.0004	889568	Stimulus	S 70
357.24	0.0004	893101	Stimulus	S130
357.3248	0.0004	893313	Stimulus	S 99
358.8644	0.0004	897162	Stimulus	S 70
360.1824	0.0004	900457	Stimulus	S130
360.2672	0.0004	900669	Stimulus	S 99
362.0148	0.0004	905038	Stimulus	S 70
363.1448	0.0004	907863	Stimulus	S130
363.2296	0.0004	908075	Stimulus	S 99
417.802	0.0004	1044506	Stimulus	S  1
420.7108	0.0004	1051778	Stimulus	S 70
421.8104	0.0004	1054527	Stimulus	S130
421.8956	0.0004	1054740	Stimulus	S 99
423.8656	0.0004	1059665	Stimulus	S 70
424.9656	0.0004	1062415	Stimulus	S130
425.0508	0.0004	1062628	Stimulus	S 99
427.8968	0.0004	1069743	Stimulus	S 70
428.9964	0.0004	1072492	Stimulus	S130
429.0816	0.0004	1072705	Stimulus	S 99
431.8492	0.0004	1079624	Stimulus	S 70
432.9492	0.0004	1082374	Stimulus	S130
433.034	0.0004	1082586	Stimulus	S 99
435.2552	0.0004	1088139	Stimulus	S 70
436.3552	0.0004	1090889	Stimulus	S130
436.4404	0.0004	1091102	Stimulus	S 99
437.9852	0.0004	1094964	Stimulus	S 70
439.0852	0.0004	1097714	Stimulus	S130
439.17	0.0004	1097926	Stimulus	S 99
440.6164	0.0004	1101542	Stimulus	S 70
441.7164	0.0004	1104292	Stimulus	S130
441.8012	0.0004	1104504	Stimulus	S 99
444.678	0.0004	1111696	Stimulus	S 70
445.778	0.0004	1114446	Stimulus	S130
445.8632	0.0004	1114659	Stimulus	S 99
448.3856	0.0004	1120965	Stimulus	S 70
449.4856	0.0004	1123715	Stimulus	S130
449.5708	0.0004	1123928	Stimulus	S 99
451.8356	0.0004	1129590	Stimulus	S 70
452.9356	0.0004	1132340	Stimulus	S130
453.0204	0.0004	1132552	Stimulus	S 99
454.6248	0.0004	1136563	Stimulus	S 70
455.7248	0.0004	1139313	Stimulus	S130
455.81	0.0004	1139526	Stimulus	S 99
457.86	0.0004	1144651	Stimulus	S 70
458.96	0.0004	1147401	Stimulus	S130
459.0452	0.0004	1147614	Stimulus	S 99
461.1788	0.0004	1152948	Stimulus	S 70
462.2784	0.0004	1155697	Stimulus	S130
462.3636	0.0004	1155910	Stimulus	S 99
464.7384	0.0004	1161847	Stimulus	S 70
465.8384	0.0004	1164597	Stimulus	S130
465.9236	0.0004	1164810	Stimulus	S 99
467.8468	0.0004	1169618	Stimulus	S 70
468.9468	0.0004	1172368	Stimulus	S130
469.0316	0.0004	1172580	Stimulus	S 99
470.7344	0.0004	1176837	Stimulus	S 70
471.8344	0.0004	1179587	Stimulus	S130
471.9196	0.0004	1179800	Stimulus	S 99
473.59	0.0004	1183976	Stimulus	S 70
474.69	0.0004	1186726	Stimulus	S130
474.7752	0.0004	1186939	Stimulus	S 99
477.5028	0.0004	1193758	Stimulus	S 70
478.6028	0.0004	1196508	Stimulus	S130
478.688	0.0004	1196721	Stimulus	S 99
481.2784	0.0004	1203197	Stimulus	S 70
482.378	0.0004	1205946	Stimulus	S130
482.4632	0.0004	1206159	Stimulus	S 99
485.1412	0.0004	1212854	Stimulus	S 70
486.2412	0.0004	1215604	Stimulus	S130
486.326	0.0004	1215816	Stimulus	S 99
487.9652	0.0004	1219914	Stimulus	S 70
489.0652	0.0004	1222664	Stimulus	S130
489.15	0.0004	1222876	Stimulus	S 99
491.6824	0.0004	1229207	Stimulus	S 70
492.7824	0.0004	1231957	Stimulus	S130
492.8676	0.0004	1232170	Stimulus	S 99
494.7368	0.0004	1236843	Stimulus	S 70
495.8368	0.0004	1239593	Stimulus	S130
495.9216	0.0004	1239805	Stimulus	S 99
498.1628	0.0004	1245408	Stimulus	S 70
499.2628	0.0004	1248158	Stimulus	S130
499.3476	0.0004	1248370	Stimulus	S 99
500.9672	0.0004	1252419	Stimulus	S 70
502.0672	0.0004	1255169	Stimulus	S130
502.152	0.0004	1255381	Stimulus	S 99
503.6956	0.0004	1259240	Stimulus	S 70
504.7956	0.0004	1261990	Stimulus	S130
504.8804	0.0004	1262202	Stimulus	S 99
507.1496	0.0004	1267875	Stimulus	S 70
508.2496	0.0004	1270625	Stimulus	S130
508.3344	0.0004	1270837	Stimulus	S 99
510.7212	0.0004	1276804	Stimulus	S 70
511.8212	0.0004	1279554	Stimulus	S130
511.9064	0.0004	1279767	Stimulus	S 99
513.7408	0.0004	1284353	Stimulus	S 70
514.8408	0.0004	1287103	Stimulus	S130
514.926	0.0004	1287316	Stimulus	S 99
517.0912	0.0004	1292729	Stimulus	S 70
518.1912	0.0004	1295479	Stimulus	S130
518.276	0.0004	1295691	Stimulus	S 99
520.1068	0.0004	1300268	Stimulus	S 70
521.2068	0.0004	1303018	Stimulus	S130
521.2916	0.0004	1303230	Stimulus	S 99
523.0252	0.0004	1307564	Stimulus	S 70
524.1252	0.0004	1310314	Stimulus	S130
524.21	0.0004	1310526	Stimulus	S 99
526.478	0.0004	1316196	Stimulus	S 70
527.578	0.0004	1318946	Stimulus	S130
527.6628	0.0004	1319158	Stimulus	S 99
529.4244	0.0004	1323562	Stimulus	S 70
530.5244	0.0004	1326312	Stimulus	S130
530.6096	0.0004	1326525	Stimulus	S 99
533.2764	0.0004	1333192	Stimulus	S 70
534.3764	0.0004	1335942	Stimulus	S130
534.4612	0.0004	1336154	Stimulus	S 99
537.1004	0.0004	1342752	Stimulus	S 70
538.2004	0.0004	1345502	Stimulus	S130
538.2856	0.0004	1345715	Stimulus	S 99
540.974	0.0004	1352436	Stimulus	S 70
542.074	0.0004	1355186	Stimulus	S130
542.1588	0.0004	1355398	Stimulus	S 99
543.798	0.0004	1359496	Stimulus	S 70
544.898	0.0004	1362246	Stimulus	S130
544.9832	0.0004	1362459	Stimulus	S 99
547.8152	0.0004	1369539	Stimulus	S 70
548.9152	0.0004	1372289	Stimulus	S130
549.0004	0.0004	1372502	Stimulus	S 99
551.0568	0.0004	1377643	Stimulus	S 70
552.1568	0.0004	1380393	Stimulus	S130
552.242	0.0004	1380606	Stimulus	S 99
553.8884	0.0004	1384722	Stimulus	S 70
554.9884	0.0004	1387472	Stimulus	S130
555.0736	0.0004	1387685	Stimulus	S 99
557.7384	0.0004	1394347	Stimulus	S 70
558.8384	0.0004	1397097	Stimulus	S130
558.9236	0.0004	1397310	Stimulus	S 99
561.5824	0.0004	1403957	Stimulus	S 70
562.6824	0.0004	1406707	Stimulus	S130
562.7676	0.0004	1406920	Stimulus	S 99
564.726	0.0004	1411816	Stimulus	S 70
565.826	0.0004	1414566	Stimulus	S130
565.9108	0.0004	1414778	Stimulus	S 99
568.3708	0.0004	1420928	Stimulus	S 70
569.4708	0.0004	1423678	Stimulus	S130
569.5556	0.0004	1423890	Stimulus	S 99
570.996	0.0004	1427491	Stimulus	S 70
572.096	0.0004	1430241	Stimulus	S130
572.1812	0.0004	1430454	Stimulus	S 99
574.8632	0.0004	1437159	Stimulus	S 70
575.9632	0.0004	1439909	Stimulus	S130
576.048	0.0004	1440121	Stimulus	S 99
578.5304	0.0004	1446327	Stimulus	S 70
579.6304	0.0004	1449077	Stimulus	S130
579.7156	0.0004	1449290	Stimulus	S 99
581.694	0.0004	1454236	Stimulus	S 70
582.794	0.0004	1456986	Stimulus	S130
582.8788	0.0004	1457198	Stimulus	S130
585.7156	0.0004	1464290	Stimulus	S 70
586.8156	0.0004	1467040	Stimulus	S130
586.9008	0.0004	1467253	Stimulus	S 99
589.2504	0.0004	1473127	Stimulus	S 70
590.35	0.0004	1475876	Stimulus	S130
590.4352	0.0004	1476089	Stimulus	S130
592.3632	0.0004	1480909	Stimulus	S 70
593.4632	0.0004	1483659	Stimulus	S130
593.5484	0.0004	1483872	Stimulus	S 99
596.4576	0.0004	1491145	Stimulus	S 70
597.5576	0.0004	1493895	Stimulus	S130
597.6424	0.0004	1494107	Stimulus	S 99
600.1892	0.0004	1500474	Stimulus	S 70
601.2892	0.0004	1503224	Stimulus	S130
601.3744	0.0004	1503437	Stimulus	S 99
603.6616	0.0004	1509155	Stimulus	S 70
604.7616	0.0004	1511905	Stimulus	S130
604.8464	0.0004	1512117	Stimulus	S130
607.5776	0.0004	1518945	Stimulus	S 70
608.6776	0.0004	1521695	Stimulus	S130
608.7628	0.0004	1521908	Stimulus	S 99
610.9112	0.0004	1527279	Stimulus	S 70
612.0112	0.0004	1530029	Stimulus	S130
612.0964	0.0004	1530242	Stimulus	S 99
613.9324	0.0004	1534832	Stimulus	S 70
615.0324	0.0004	1537582	Stimulus	S130
615.1172	0.0004	1537794	Stimulus	S 99
617.334	0.0004	1543336	Stimulus	S 70
618.434	0.0004	1546086	Stimulus	S130
618.5192	0.0004	1546299	Stimulus	S 99
621.2112	0.0004	1553029	Stimulus	S 70
622.3112	0.0004	1555779	Stimulus	S130
622.396	0.0004	1555991	Stimulus	S 99
624.1896	0.0004	1560475	Stimulus	S 70
625.2896	0.0004	1563225	Stimulus	S130
625.3744	0.0004	1563437	Stimulus	S 99
626.9476	0.0004	1567370	Stimulus	S 70
628.0476	0.0004	1570120	Stimulus	S130
628.1328	0.0004	1570333	Stimulus	S 99
629.8368	0.0004	1574593	Stimulus	S 70
630.9368	0.0004	1577343	Stimulus	S130
631.0216	0.0004	1577555	Stimulus	S130
632.5672	0.0004	1581419	Stimulus	S 70
633.6672	0.0004	1584169	Stimulus	S130
633.7524	0.0004	1584382	Stimulus	S130
635.6316	0.0004	1589080	Stimulus	S 70
636.7316	0.0004	1591830	Stimulus	S130
636.8164	0.0004	1592042	Stimulus	S 99
638.2572	0.0004	1595644	Stimulus	S 70
639.3572	0.0004	1598394	Stimulus	S130
639.4424	0.0004	1598607	Stimulus	S 99
642.0456	0.0004	1605115	Stimulus	S 70
643.1456	0.0004	1607865	Stimulus	S130
643.2304	0.0004	1608077	Stimulus	S 99
645.4008	0.0004	1613503	Stimulus	S 70
646.5008	0.0004	1616253	Stimulus	S130
646.5856	0.0004	1616465	Stimulus	S 99
648.63	0.0004	1621576	Stimulus	S 70
649.73	0.0004	1624326	Stimulus	S130
649.8148	0.0004	1624538	Stimulus	S 99
651.8284	0.0004	1629572	Stimulus	S 70
652.9284	0.0004	1632322	Stimulus	S130
653.0136	0.0004	1632535	Stimulus	S 99
654.9112	0.0004	1637279	Stimulus	S 70
656.0108	0.0004	1640028	Stimulus	S130
656.096	0.0004	1640241	Stimulus	S 99
658.912	0.0004	1647281	Stimulus	S 70
660.012	0.0004	1650031	Stimulus	S130
660.0968	0.0004	1650243	Stimulus	S 99
662.1604	0.0004	1655402	Stimulus	S 70
663.2604	0.0004	1658152	Stimulus	S130
663.3456	0.0004	1658365	Stimulus	S 99
665.6872	0.0004	1664219	Stimulus	S 70
666.7872	0.0004	1666969	Stimulus	S130
666.8724	0.0004	1667182	Stimulus	S 99
668.7256	0.0004	1671815	Stimulus	S 70
669.8256	0.0004	1674565	Stimulus	S130
669.9108	0.0004	1674778	Stimulus	S 99
672.3872	0.0004	1680969	Stimulus	S 70
673.4872	0.0004	1683719	Stimulus	S130
673.5724	0.0004	1683932	Stimulus	S 99
675.5228	0.0004	1688808	Stimulus	S 70
676.6228	0.0004	1691558	Stimulus	S130
676.708	0.0004	1691771	Stimulus	S 99
678.7184	0.0004	1696797	Stimulus	S 70
679.818	0.0004	1699546	Stimulus	S130
679.9032	0.0004	1699759	Stimulus	S 99
681.68	0.0004	1704201	Stimulus	S 70
682.78	0.0004	1706951	Stimulus	S130
682.8652	0.0004	1707164	Stimulus	S 99
685.5892	0.0004	1713974	Stimulus	S 70
686.6892	0.0004	1716724	Stimulus	S130
686.774	0.0004	1716936	Stimulus	S130
688.3504	0.0004	1720877	Stimulus	S 70
689.4504	0.0004	1723627	Stimulus	S130
689.5356	0.0004	1723840	Stimulus	S 99
691.6424	0.0004	1729107	Stimulus	S 70
692.7424	0.0004	1731857	Stimulus	S130
692.8272	0.0004	1732069	Stimulus	S 99
694.5756	0.0004	1736440	Stimulus	S 70
695.6756	0.0004	1739190	Stimulus	S130
695.7608	0.0004	1739403	Stimulus	S 99
697.2024	0.0004	1743007	Stimulus	S 70
698.3024	0.0004	1745757	Stimulus	S130
698.3872	0.0004	1745969	Stimulus	S 99
700.1284	0.0004	1750322	Stimulus	S 70
701.2284	0.0004	1753072	Stimulus	S130
701.3136	0.0004	1753285	Stimulus	S 99
703.9048	0.0004	1759763	Stimulus	S 70
705.0048	0.0004	1762513	Stimulus	S130
705.0896	0.0004	1762725	Stimulus	S 99
706.9492	0.0004	1767374	Stimulus	S 70
708.0492	0.0004	1770124	Stimulus	S130
708.134	0.0004	1770336	Stimulus	S 99
709.8076	0.0004	1774520	Stimulus	S 70
710.9076	0.0004	1777270	Stimulus	S130
710.9928	0.0004	1777483	Stimulus	S 99
713.5868	0.0004	1783968	Stimulus	S 70
714.6868	0.0004	1786718	Stimulus	S130
714.772	0.0004	1786931	Stimulus	S 99
717.3052	0.0004	1793264	Stimulus	S 70
718.4052	0.0004	1796014	Stimulus	S130
718.4904	0.0004	1796227	Stimulus	S 99
720.4248	0.0004	1801063	Stimulus	S 70
721.5248	0.0004	1803813	Stimulus	S130
721.6096	0.0004	1804025	Stimulus	S 99
723.4612	0.0004	1808654	Stimulus	S 70
724.5608	0.0004	1811403	Stimulus	S130
724.646	0.0004	1811616	Stimulus	S 99
727.0564	0.0004	1817642	Stimulus	S 70
728.1564	0.0004	1820392	Stimulus	S130
728.2416	0.0004	1820605	Stimulus	S 99
730.5052	0.0004	1826264	Stimulus	S 70
731.6052	0.0004	1829014	Stimulus	S130
731.6904	0.0004	1829227	Stimulus	S 99
733.5032	0.0004	1833759	Stimulus	S 70
734.6032	0.0004	1836509	Stimulus	S130
734.6884	0.0004	1836722	Stimulus	S 99
737.026	0.0004	1842566	Stimulus	S 70
738.126	0.0004	1845316	Stimulus	S130
738.2112	0.0004	1845529	Stimulus	S 99
740.8836	0.0004	1852210	Stimulus	S 70
741.9836	0.0004	1854960	Stimulus	S130
742.0688	0.0004	1855173	Stimulus	S 99
744.0496	0.0004	1860125	Stimulus	S 70
745.1496	0.0004	1862875	Stimulus	S130
745.2344	0.0004	1863087	Stimulus	S 99
747.956	0.0004	1869891	Stimulus	S 70
749.056	0.0004	1872641	Stimulus	S130
749.1412	0.0004	1872854	Stimulus	S 99
750.718	0.0004	1876796	Stimulus	S 70
751.818	0.0004	1879546	Stimulus	S130
751.9028	0.0004	1879758	Stimulus	S 99
782.2792	0.0004	1955699	Stimulus	S  1
784.506	0.0004	1961266	Stimulus	S 70
785.5076	0.0004	1963770	Stimulus	S130
785.5928	0.0004	1963983	Stimulus	S 99
787.658	0.0004	1969146	Stimulus	S 70
788.666	0.0004	1971666	Stimulus	S130
788.7508	0.0004	1971878	Stimulus	S 99
791.0088	0.0004	1977523	Stimulus	S 70
792.3368	0.0004	1980843	Stimulus	S130
792.422	0.0004	1981056	Stimulus	S 99
793.8596	0.0004	1984650	Stimulus	S 70
794.3496	0.0004	1985875	Stimulus	S130
794.4344	0.0004	1986087	Stimulus	S 99
796.4264	0.0004	1991067	Stimulus	S 70
798.0996	0.0004	1995250	Stimulus	S130
798.1844	0.0004	1995462	Stimulus	S 99
800.7104	0.0004	2001777	Stimulus	S 70
802.574	0.0004	2006436	Stimulus	S130
802.6592	0.0004	2006649	Stimulus	S130
805.4396	0.0004	2013600	Stimulus	S 70
807.3072	0.0004	2018269	Stimulus	S130
807.3924	0.0004	2018482	Stimulus	S 99
808.8736	0.0004	2022185	Stimulus	S 70
809.0516	0.0004	2022630	Stimulus	S130
809.1364	0.0004	2022842	Stimulus	S 99
811.3452	0.0004	2028364	Stimulus	S 70
812.1692	0.0004	2030424	Stimulus	S130
812.2544	0.0004	2030637	Stimulus	S 99
815.0088	0.0004	2037523	Stimulus	S 70
816.7568	0.0004	2041893	Stimulus	S130
816.842	0.0004	2042106	Stimulus	S 99
819.0696	0.0004	2047675	Stimulus	S 70
820.7436	0.0004	2051860	Stimulus	S130
820.8284	0.0004	2052072	Stimulus	S130
823.4484	0.0004	2058622	Stimulus	S 70
824.4896	0.0004	2061225	Stimulus	S130
824.5744	0.0004	2061437	Stimulus	S 99
827.3416	0.0004	2068355	Stimulus	S 70
827.6836	0.0004	2069210	Stimulus	S130
827.7688	0.0004	2069423	Stimulus	S 99
830.47	0.0004	2076176	Stimulus	S 70
831.7248	0.0004	2079313	Stimulus	S130
831.81	0.0004	2079526	Stimulus	S 99
833.4068	0.0004	2083518	Stimulus	S 70
833.554	0.0004	2083886	Stimulus	S130
833.6388	0.0004	2084098	Stimulus	S 99
836.0016	0.0004	2090005	Stimulus	S 70
837.4924	0.0004	2093732	Stimulus	S130
837.5776	0.0004	2093945	Stimulus	S 99
839.4584	0.0004	2098647	Stimulus	S 70
840.8456	0.0004	2102115	Stimulus	S130
840.9304	0.0004	2102327	Stimulus	S 99
842.6752	0.0004	2106689	Stimulus	S 70
844.0812	0.0004	2110204	Stimulus	S130
844.166	0.0004	2110416	Stimulus	S 99
845.8244	0.0004	2114562	Stimulus	S 70
847.0692	0.0004	2117674	Stimulus	S130
847.154	0.0004	2117886	Stimulus	S 99
848.8692	0.0004	2122174	Stimulus	S 70
849.262	0.0004	2123156	Stimulus	S130
849.3472	0.0004	2123369	Stimulus	S 99
851.4	0.0004	2128501	Stimulus	S 70
852.36	0.0004	2130901	Stimulus	S130
852.4448	0.0004	2131113	Stimulus	S 99
855.256	0.0004	2138141	Stimulus	S 70
856.888	0.0004	2142221	Stimulus	S130
856.9728	0.0004	2142433	Stimulus	S130
859.6292	0.0004	2149074	Stimulus	S 70
860.348	0.0004	2150871	Stimulus	S130
860.4332	0.0004	2151084	Stimulus	S 99
862.286	0.0004	2155716	Stimulus	S 70
863.468	0.0004	2158671	Stimulus	S130
863.5528	0.0004	2158883	Stimulus	S 99
865.108	0.0004	2162771	Stimulus	S 70
866.42	0.0004	2166051	Stimulus	S130
866.5048	0.0004	2166263	Stimulus	S 99
868.6136	0.0004	2171535	Stimulus	S 70
870.5588	0.0004	2176398	Stimulus	S130
870.6436	0.0004	2176610	Stimulus	S 99
873.2632	0.0004	2183159	Stimulus	S 70
874.5072	0.0004	2186269	Stimulus	S130
874.592	0.0004	2186481	Stimulus	S 99
876.912	0.0004	2192281	Stimulus	S 70
877.0432	0.0004	2192609	Stimulus	S130
877.128	0.0004	2192821	Stimulus	S 99
879.768	0.0004	2199421	Stimulus	S 70
880.9132	0.0004	2202284	Stimulus	S130
880.998	0.0004	2202496	Stimulus	S 99
882.8112	0.0004	2207029	Stimulus	S 70
884.812	0.0004	2212031	Stimulus	S130
884.8972	0.0004	2212244	Stimulus	S 99
886.4148	0.0004	2216038	Stimulus	S 70
886.738	0.0004	2216846	Stimulus	S130
886.8228	0.0004	2217058	Stimulus	S 99
888.2828	0.0004	2220708	Stimulus	S 70
889.9716	0.0004	2224930	Stimulus	S130
890.0568	0.0004	2225143	Stimulus	S 99
892.8068	0.0004	2232018	Stimulus	S 70
893.6324	0.0004	2234082	Stimulus	S130
893.7176	0.0004	2234295	Stimulus	S 99
895.326	0.0004	2238316	Stimulus	S 70
895.9888	0.0004	2239973	Stimulus	S130
896.074	0.0004	2240186	Stimulus	S 99
897.8552	0.0004	2244639	Stimulus	S 70
899.2324	0.0004	2248082	Stimulus	S130
899.3172	0.0004	2248294	Stimulus	S 99
902.1356	0.0004	2255340	Stimulus	S 70
903.7356	0.0004	2259340	Stimulus	S130
903.8204	0.0004	2259552	Stimulus	S 99
906.2196	0.0004	2265550	Stimulus	S 70
907.4916	0.0004	2268730	Stimulus	S130
907.5764	0.0004	2268942	Stimulus	S130
909.6492	0.0004	2274124	Stimulus	S 70
911.0732	0.0004	2277684	Stimulus	S130
911.158	0.0004	2277896	Stimulus	S 99
913.8976	0.0004	2284745	Stimulus	S 70
914.9436	0.0004	2287360	Stimulus	S130
915.0288	0.0004	2287573	Stimulus	S 99
917.352	0.0004	2293381	Stimulus	S 70
919.3992	0.0004	2298499	Stimulus	S130
919.484	0.0004	2298711	Stimulus	S 99
921.8344	0.0004	2304587	Stimulus	S 70
922.8832	0.0004	2307209	Stimulus	S130
922.968	0.0004	2307421	Stimulus	S 99
925.3756	0.0004	2313440	Stimulus	S 70
927.1024	0.0004	2317757	Stimulus	S130
927.1876	0.0004	2317970	Stimulus	S 99
929.8568	0.0004	2324643	Stimulus	S 70
931.9488	0.0004	2329873	Stimulus	S130
932.0336	0.0004	2330085	Stimulus	S 99
934.466	0.0004	2336166	Stimulus	S 70
936.466	0.0004	2341166	Stimulus	S130
936.5512	0.0004	2341379	Stimulus	S 99
939.0136	0.0004	2347535	Stimulus	S 70
939.1444	0.0004	2347862	Stimulus	S130
939.2296	0.0004	2348075	Stimulus	S 99
941.5372	0.0004	2353844	Stimulus	S 70
943.0032	0.0004	2357509	Stimulus	S130
943.0884	0.0004	2357722	Stimulus	S 99
945.484	0.0004	2363711	Stimulus	S 70
946.8108	0.0004	2367028	Stimulus	S130
946.896	0.0004	2367241	Stimulus	S 99
948.5648	0.0004	2371413	Stimulus	S 70
949.1628	0.0004	2372908	Stimulus	S130
949.2476	0.0004	2373120	Stimulus	S 99
951.5456	0.0004	2378865	Stimulus	S 70
951.7616	0.0004	2379405	Stimulus	S130
951.8468	0.0004	2379618	Stimulus	S 99
954.6544	0.0004	2386637	Stimulus	S 70
955.1372	0.0004	2387844	Stimulus	S130
955.2224	0.0004	2388057	Stimulus	S 99
956.6636	0.0004	2391660	Stimulus	S 70
958.0176	0.0004	2395045	Stimulus	S130
958.1024	0.0004	2395257	Stimulus	S 99
960.7928	0.0004	2401983	Stimulus	S 70
962.8908	0.0004	2407228	Stimulus	S130
962.9756	0.0004	2407440	Stimulus	S 99
965.3536	0.0004	2413385	Stimulus	S 70
965.8268	0.0004	2414568	Stimulus	S130
965.9116	0.0004	2414780	Stimulus	S 99
968.0908	0.0004	2420228	Stimulus	S 70
968.8108	0.0004	2422028	Stimulus	S130
968.8956	0.0004	2422240	Stimulus	S 99
970.4892	0.0004	2426224	Stimulus	S 70
970.8352	0.0004	2427089	Stimulus	S130
970.92	0.0004	2427301	Stimulus	S 99
972.8468	0.0004	2432118	Stimulus	S 70
973.6508	0.0004	2434128	Stimulus	S130
973.7356	0.0004	2434340	Stimulus	S 99
976.1916	0.0004	2440480	Stimulus	S 70
977.0936	0.0004	2442735	Stimulus	S130
977.1784	0.0004	2442947	Stimulus	S 99
978.6612	0.0004	2446654	Stimulus	S 70
979.8924	0.0004	2449732	Stimulus	S130
979.9772	0.0004	2449944	Stimulus	S 99
981.4372	0.0004	2453594	Stimulus	S 70
983.2512	0.0004	2458129	Stimulus	S130
983.3364	0.0004	2458342	Stimulus	S 99
985.2376	0.0004	2463095	Stimulus	S 70
987.2256	0.0004	2468065	Stimulus	S130
987.3104	0.0004	2468277	Stimulus	S130
989.1332	0.0004	2472834	Stimulus	S 70
989.576	0.0004	2473941	Stimulus	S130
989.6612	0.0004	2474154	Stimulus	S 99
991.2544	0.0004	2478137	Stimulus	S 70
992.5916	0.0004	2481480	Stimulus	S130
992.6764	0.0004	2481692	Stimulus	S 99
994.7836	0.0004	2486960	Stimulus	S 70
996.7116	0.0004	2491780	Stimulus	S130
996.7968	0.0004	2491993	Stimulus	S 99
999.5136	0.0004	2498785	Stimulus	S 70
1000.8816	0.0004	2502205	Stimulus	S130
1000.9664	0.0004	2502417	Stimulus	S 99
1003.2084	0.0004	2508022	Stimulus	S 70
1004.1292	0.0004	2510324	Stimulus	S130
1004.2144	0.0004	2510537	Stimulus	S 99
1005.642	0.0004	2514106	Stimulus	S 70
1006.6012	0.0004	2516504	Stimulus	S130
1006.686	0.0004	2516716	Stimulus	S 99
1009.1776	0.0004	2522945	Stimulus	S 70
1011.0904	0.0004	2527727	Stimulus	S130
1011.1752	0.0004	2527939	Stimulus	S 99
1012.838	0.0004	2532096	Stimulus	S 70
1014.646	0.0004	2536616	Stimulus	S130
1014.7312	0.0004	2536829	Stimulus	S 99
1016.166	0.0004	2540416	Stimulus	S 70
1016.9688	0.0004	2542423	Stimulus	S130
1017.054	0.0004	2542636	Stimulus	S 99
1019.1424	0.0004	2547857	Stimulus	S 70
1019.8264	0.0004	2549567	Stimulus	S130
1019.9116	0.0004	2549780	Stimulus	S130
1021.4892	0.0004	2553724	Stimulus	S 70
1023.0292	0.0004	2557574	Stimulus	S130
1023.114	0.0004	2557786	Stimulus	S 99
1025.2888	0.0004	2563223	Stimulus	S 70
1026.228	0.0004	2565571	Stimulus	S130
1026.3128	0.0004	2565783	Stimulus	S 99
1028.5056	0.0004	2571265	Stimulus	S 70
1030.3516	0.0004	2575880	Stimulus	S130
1030.4364	0.0004	2576092	Stimulus	S 99
1032.1008	0.0004	2580253	Stimulus	S 70
1033.7096	0.0004	2584275	Stimulus	S130
1033.7948	0.0004	2584488	Stimulus	S130
1035.2796	0.0004	2588200	Stimulus	S 70
1035.7536	0.0004	2589385	Stimulus	S130
1035.8388	0.0004	2589598	Stimulus	S 99
1038.6332	0.0004	2596584	Stimulus	S 70
1039.0384	0.0004	2597597	Stimulus	S130
1039.1232	0.0004	2597809	Stimulus	S 99
1041.41	0.0004	2603526	Stimulus	S 70
1042.5312	0.0004	2606329	Stimulus	S130
1042.616	0.0004	2606541	Stimulus	S 99
1045.0744	0.0004	2612687	Stimulus	S 70
1045.5564	0.0004	2613892	Stimulus	S130
1045.6412	0.0004	2614104	Stimulus	S 99
1047.344	0.0004	2618361	Stimulus	S 70
1048.5412	0.0004	2621354	Stimulus	S130
1048.626	0.0004	2621566	Stimulus	S 99
1050.7452	0.0004	2626864	Stimulus	S 70
1051.0792	0.0004	2627699	Stimulus	S130
1051.164	0.0004	2627911	Stimulus	S 99
1052.9068	0.0004	2632268	Stimulus	S 70
1053.0256	0.0004	2632565	Stimulus	S130
1053.1108	0.0004	2632778	Stimulus	S 99
1054.568	0.0004	2636421	Stimulus	S 70
1056.4128	0.0004	2641033	Stimulus	S130
1056.498	0.0004	2641246	Stimulus	S 99
1058.6264	0.0004	2646567	Stimulus	S 70
1059.4536	0.0004	2648635	Stimulus	S130
1059.5384	0.0004	2648847	Stimulus	S 99
1061.8928	0.0004	2654733	Stimulus	S 70
1063.0444	0.0004	2657612	Stimulus	S130
1063.1296	0.0004	2657825	Stimulus	S 99
1064.7356	0.0004	2661840	Stimulus	S 70
1066.4964	0.0004	2666242	Stimulus	S130
1066.5812	0.0004	2666454	Stimulus	S 99
1068.2516	0.0004	2670630	Stimulus	S 70
1068.4504	0.0004	2671127	Stimulus	S130
1068.5356	0.0004	2671340	Stimulus	S 99
1070.0412	0.0004	2675104	Stimulus	S 70
1070.6972	0.0004	2676744	Stimulus	S130
1070.7824	0.0004	2676957	Stimulus	S 99
1072.4224	0.0004	2681057	Stimulus	S 70
1074.3372	0.0004	2685844	Stimulus	S130
1074.4224	0.0004	2686057	Stimulus	S 99
1076.4044	0.0004	2691012	Stimulus	S 70
1076.9932	0.0004	2692484	Stimulus	S130
1077.0784	0.0004	2692697	Stimulus	S 99
1079.528	0.0004	2698821	Stimulus	S 70
1080.5832	0.0004	2701459	Stimulus	S130
1080.668	0.0004	2701671	Stimulus	S 99
1082.136	0.0004	2705341	Stimulus	S 70
1083.322	0.0004	2708306	Stimulus	S130
1083.4068	0.0004	2708518	Stimulus	S130
1085.0884	0.0004	2712722	Stimulus	S 70
1085.2764	0.0004	2713192	Stimulus	S130
1085.3612	0.0004	2713404	Stimulus	S 99
1086.9448	0.0004	2717363	Stimulus	S 70
1088.7948	0.0004	2721988	Stimulus	S130
1088.88	0.0004	2722201	Stimulus	S130
1091.776	0.0004	2729441	Stimulus	S 70
1092.1192	0.0004	2730299	Stimulus	S130
1092.204	0.0004	2730511	Stimulus	S 99
1094.408	0.0004	2736021	Stimulus	S 70
1095.0932	0.0004	2737734	Stimulus	S130
1095.178	0.0004	2737946	Stimulus	S 99
1097.9384	0.0004	2744847	Stimulus	S 70
1099.8272	0.0004	2749569	Stimulus	S130
1099.9124	0.0004	2749782	Stimulus	S 99
1102.2464	0.0004	2755617	Stimulus	S 70
1104.0184	0.0004	2760047	Stimulus	S130
1104.1036	0.0004	2760260	Stimulus	S130
1106.9664	0.0004	2767417	Stimulus	S 70
1107.4824	0.0004	2768707	Stimulus	S130
1107.5672	0.0004	2768919	Stimulus	S 99
1109.632	0.0004	2774081	Stimulus	S 70
1110.0832	0.0004	2775209	Stimulus	S130
1110.168	0.0004	2775421	Stimulus	S 99
1112.188	0.0004	2780471	Stimulus	S 70
1113.7328	0.0004	2784333	Stimulus	S130
1113.818	0.0004	2784546	Stimulus	S 99
1145.412	0.0004	2863531	Stimulus	S  1
1147.3204	0.0004	2868302	Stimulus	S 70
1148.4204	0.0004	2871052	Stimulus	S130
1148.5052	0.0004	2871264	Stimulus	S 99
1151.1632	0.0004	2877909	Stimulus	S 70
1152.2632	0.0004	2880659	Stimulus	S130
1152.348	0.0004	2880871	Stimulus	S 99
1154.8252	0.0004	2887064	Stimulus	S 70
1155.9252	0.0004	2889814	Stimulus	S130
1156.0104	0.0004	2890027	Stimulus	S 99
1157.6836	0.0004	2894210	Stimulus	S 70
1158.7836	0.0004	2896960	Stimulus	S130
1158.8684	0.0004	2897172	Stimulus	S 99
1161.5908	0.0004	2903978	Stimulus	S 70
1162.6908	0.0004	2906728	Stimulus	S130
1162.7756	0.0004	2906940	Stimulus	S 99
1164.4704	0.0004	2911177	Stimulus	S 70
1165.5704	0.0004	2913927	Stimulus	S130
1165.6556	0.0004	2914140	Stimulus	S 99
1167.1664	0.0004	2917917	Stimulus	S 70
1168.2664	0.0004	2920667	Stimulus	S130
1168.3512	0.0004	2920879	Stimulus	S 99
1170.996	0.0004	2927491	Stimulus	S 70
1172.096	0.0004	2930241	Stimulus	S130
1172.1808	0.0004	2930453	Stimulus	S 99
1174.1804	0.0004	2935452	Stimulus	S 70
1175.2804	0.0004	2938202	Stimulus	S130
1175.3652	0.0004	2938414	Stimulus	S130
1177.8672	0.0004	2944669	Stimulus	S 70
1178.9672	0.0004	2947419	Stimulus	S130
1179.052	0.0004	2947631	Stimulus	S 99
1181.7248	0.0004	2954313	Stimulus	S 70
1182.8248	0.0004	2957063	Stimulus	S130
1182.9096	0.0004	2957275	Stimulus	S 99
1185.6632	0.0004	2964159	Stimulus	S 70
1186.7632	0.0004	2966909	Stimulus	S130
1186.848	0.0004	2967121	Stimulus	S130
1188.3492	0.0004	2970874	Stimulus	S 70
1189.4492	0.0004	2973624	Stimulus	S130
1189.5344	0.0004	2973837	Stimulus	S 99
1190.9772	0.0004	2977444	Stimulus	S 70
1192.0772	0.0004	2980194	Stimulus	S130
1192.162	0.0004	2980406	Stimulus	S 99
1193.7328	0.0004	2984333	Stimulus	S 70
1194.8328	0.0004	2987083	Stimulus	S130
1194.9176	0.0004	2987295	Stimulus	S 99
1197.0424	0.0004	2992607	Stimulus	S 70
1198.1424	0.0004	2995357	Stimulus	S130
1198.2272	0.0004	2995569	Stimulus	S 99
1199.656	0.0004	2999141	Stimulus	S 70
1200.756	0.0004	3001891	Stimulus	S130
1200.8412	0.0004	3002104	Stimulus	S 99
1202.532	0.0004	3006331	Stimulus	S 70
1203.632	0.0004	3009081	Stimulus	S130
1203.7168	0.0004	3009293	Stimulus	S 99
1206.0756	0.0004	3015190	Stimulus	S 70
1207.1756	0.0004	3017940	Stimulus	S130
1207.2608	0.0004	3018153	Stimulus	S 99
1209.442	0.0004	3023606	Stimulus	S 70
1210.542	0.0004	3026356	Stimulus	S130
1210.6268	0.0004	3026568	Stimulus	S130
1212.5952	0.0004	3031489	Stimulus	S 70
1213.6952	0.0004	3034239	Stimulus	S130
1213.78	0.0004	3034451	Stimulus	S 99
1216.0184	0.0004	3040047	Stimulus	S 70
1217.1184	0.0004	3042797	Stimulus	S130
1217.2036	0.0004	3043010	Stimulus	S 99
1219.2092	0.0004	3048024	Stimulus	S 70
1220.3092	0.0004	3050774	Stimulus	S130
1220.3944	0.0004	3050987	Stimulus	S130
1222.778	0.0004	3056946	Stimulus	S 70
1223.878	0.0004	3059696	Stimulus	S130
1223.9632	0.0004	3059909	Stimulus	S 99
1225.3788	0.0004	3063448	Stimulus	S 70
1226.4788	0.0004	3066198	Stimulus	S130
1226.564	0.0004	3066411	Stimulus	S 99
1229.3504	0.0004	3073377	Stimulus	S 70
1230.4504	0.0004	3076127	Stimulus	S130
1230.5352	0.0004	3076339	Stimulus	S 99
1232.786	0.0004	3081966	Stimulus	S 70
1233.886	0.0004	3084716	Stimulus	S130
1233.9708	0.0004	3084928	Stimulus	S 99
1236.8448	0.0004	3092113	Stimulus	S 70
1237.9448	0.0004	3094863	Stimulus	S130
1238.03	0.0004	3095076	Stimulus	S130
1239.9996	0.0004	3100000	Stimulus	S 70
1241.0996	0.0004	3102750	Stimulus	S130
1241.1844	0.0004	3102962	Stimulus	S 99
1243.6448	0.0004	3109113	Stimulus	S 70
1244.7448	0.0004	3111863	Stimulus	S130
1244.83	0.0004	3112076	Stimulus	S 99
1247.1224	0.0004	3117807	Stimulus	S 70
1248.2224	0.0004	3120557	Stimulus	S130
1248.3076	0.0004	3120770	Stimulus	S 99
1250.1592	0.0004	3125399	Stimulus	S 70
1251.2592	0.0004	3128149	Stimulus	S130
1251.344	0.0004	3128361	Stimulus	S 99
1253.1056	0.0004	3132765	Stimulus	S 70
1254.2056	0.0004	3135515	Stimulus	S130
1254.2908	0.0004	3135728	Stimulus	S 99
1256.35	0.0004	3140876	Stimulus	S 70
1257.45	0.0004	3143626	Stimulus	S130
1257.5348	0.0004	3143838	Stimulus	S 99
1259.638	0.0004	3149096	Stimulus	S 70
1260.738	0.0004	3151846	Stimulus	S130
1260.8228	0.0004	3152058	Stimulus	S 99
1262.326	0.0004	3155816	Stimulus	S 70
1263.426	0.0004	3158566	Stimulus	S130
1263.5112	0.0004	3158779	Stimulus	S 99
1265.1488	0.0004	3162873	Stimulus	S 70
1266.2488	0.0004	3165623	Stimulus	S130
1266.3336	0.0004	3165835	Stimulus	S 99
1269.1556	0.0004	3172890	Stimulus	S 70
1270.2556	0.0004	3175640	Stimulus	S130
1270.3404	0.0004	3175852	Stimulus	S 99
1272.5204	0.0004	3181302	Stimulus	S 70
1273.6204	0.0004	3184052	Stimulus	S130
1273.7052	0.0004	3184264	Stimulus	S 99
1275.6764	0.0004	3189192	Stimulus	S 70
1276.7764	0.0004	3191942	Stimulus	S130
1276.8616	0.0004	3192155	Stimulus	S 99
1279.3632	0.0004	3198409	Stimulus	S 70
1280.4632	0.0004	3201159	Stimulus	S130
1280.548	0.0004	3201371	Stimulus	S 99
1282.8252	0.0004	3207064	Stimulus	S 70
1283.9252	0.0004	3209814	Stimulus	S130
1284.01	0.0004	3210026	Stimulus	S 99
1285.6468	0.0004	3214118	Stimulus	S 70
1286.7468	0.0004	3216868	Stimulus	S130
1286.8316	0.0004	3217080	Stimulus	S 99
1289.1124	0.0004	3222782	Stimulus	S 70
1290.212	0.0004	3225531	Stimulus	S130
1290.2972	0.0004	3225744	Stimulus	S 99
1293.1488	0.0004	3232873	Stimulus	S 70
1294.2488	0.0004	3235623	Stimulus	S130
1294.3336	0.0004	3235835	Stimulus	S 99
1295.8492	0.0004	3239624	Stimulus	S 70
1296.9492	0.0004	3242374	Stimulus	S130
1297.034	0.0004	3242586	Stimulus	S 99
1299.6672	0.0004	3249169	Stimulus	S 70
1300.7672	0.0004	3251919	Stimulus	S130
1300.852	0.0004	3252131	Stimulus	S 99
1303.426	0.0004	3258566	Stimulus	S 70
1304.526	0.0004	3261316	Stimulus	S130
1304.6112	0.0004	3261529	Stimulus	S 99
1307.4312	0.0004	3268579	Stimulus	S 70
1308.5312	0.0004	3271329	Stimulus	S130
1308.6164	0.0004	3271542	Stimulus	S 99
1310.3816	0.0004	3275955	Stimulus	S 70
1311.4816	0.0004	3278705	Stimulus	S130
1311.5668	0.0004	3278918	Stimulus	S 99
1314.288	0.0004	3285721	Stimulus	S 70
1315.388	0.0004	3288471	Stimulus	S130
1315.4732	0.0004	3288684	Stimulus	S 99
1318.0684	0.0004	3295172	Stimulus	S 70
1319.1684	0.0004	3297922	Stimulus	S130
1319.2532	0.0004	3298134	Stimulus	S 99
1320.9572	0.0004	3302394	Stimulus	S 70
1322.0572	0.0004	3305144	Stimulus	S130
1322.142	0.0004	3305356	Stimulus	S130
1324.2228	0.0004	3310558	Stimulus	S 70
1325.3228	0.0004	3313308	Stimulus	S130
1325.408	0.0004	3313521	Stimulus	S 99
1327.2516	0.0004	3318130	Stimulus	S 70
1328.3516	0.0004	3320880	Stimulus	S130
1328.4368	0.0004	3321093	Stimulus	S 99
1330.7244	0.0004	3326812	Stimulus	S 70
1331.824	0.0004	3329561	Stimulus	S130
1331.9092	0.0004	3329774	Stimulus	S 99
1334.1136	0.0004	3335285	Stimulus	S 70
1335.2136	0.0004	3338035	Stimulus	S130
1335.2984	0.0004	3338247	Stimulus	S 99
1337.324	0.0004	3343311	Stimulus	S 70
1338.4236	0.0004	3346060	Stimulus	S130
1338.5088	0.0004	3346273	Stimulus	S 99
1340.132	0.0004	3350331	Stimulus	S 70
1341.232	0.0004	3353081	Stimulus	S130
1341.3168	0.0004	3353293	Stimulus	S 99
1344.0952	0.0004	3360239	Stimulus	S 70
1345.1952	0.0004	3362989	Stimulus	S130
1345.28	0.0004	3363201	Stimulus	S 99
1346.768	0.0004	3366921	Stimulus	S 70
1347.868	0.0004	3369671	Stimulus	S130
1347.9532	0.0004	3369884	Stimulus	S 99
1350.6972	0.0004	3376744	Stimulus	S 70
1351.7972	0.0004	3379494	Stimulus	S130
1351.8824	0.0004	3379707	Stimulus	S 99
1354.7412	0.0004	3386854	Stimulus	S 70
1355.8412	0.0004	3389604	Stimulus	S130
1355.9264	0.0004	3389817	Stimulus	S 99
1358.3992	0.0004	3395999	Stimulus	S 70
1359.4988	0.0004	3398748	Stimulus	S130
1359.584	0.0004	3398961	Stimulus	S 99
1361.94	0.0004	3404851	Stimulus	S 70
1363.04	0.0004	3407601	Stimulus	S130
1363.1248	0.0004	3407813	Stimulus	S 99
1365.9744	0.0004	3414937	Stimulus	S 70
1367.0744	0.0004	3417687	Stimulus	S130
1367.1592	0.0004	3417899	Stimulus	S 99
1369.5604	0.0004	3423902	Stimulus	S 70
1370.6604	0.0004	3426652	Stimulus	S130
1370.7452	0.0004	3426864	Stimulus	S 99
1373.1648	0.0004	3432913	Stimulus	S 70
1374.2648	0.0004	3435663	Stimulus	S130
1374.3496	0.0004	3435875	Stimulus	S 99
1376.6204	0.0004	3441552	Stimulus	S 70
1377.7204	0.0004	3444302	Stimulus	S130
1377.8052	0.0004	3444514	Stimulus	S 99
1379.4876	0.0004	3448720	Stimulus	S 70
1380.5876	0.0004	3451470	Stimulus	S130
1380.6724	0.0004	3451682	Stimulus	S 99
1382.266	0.0004	3455666	Stimulus	S 70
1383.366	0.0004	3458416	Stimulus	S130
1383.4512	0.0004	3458629	Stimulus	S 99
1385.586	0.0004	3463966	Stimulus	S 70
1386.686	0.0004	3466716	Stimulus	S130
1386.7708	0.0004	3466928	Stimulus	S 99
1388.4848	0.0004	3471213	Stimulus	S 70
1389.5848	0.0004	3473963	Stimulus	S130
1389.6696	0.0004	3474175	Stimulus	S 99
1391.5176	0.0004	3478795	Stimulus	S 70
1392.6176	0.0004	3481545	Stimulus	S130
1392.7028	0.0004	3481758	Stimulus	S 99
1394.9956	0.0004	3487490	Stimulus	S 70
1396.0956	0.0004	3490240	Stimulus	S130
1396.1804	0.0004	3490452	Stimulus	S 99
1398.7624	0.0004	3496907	Stimulus	S 70
1399.8624	0.0004	3499657	Stimulus	S130
1399.9472	0.0004	3499869	Stimulus	S 99
1401.6472	0.0004	3504119	Stimulus	S 70
1402.7472	0.0004	3506869	Stimulus	S130
1402.832	0.0004	3507081	Stimulus	S130
1404.838	0.0004	3512096	Stimulus	S 70
1405.938	0.0004	3514846	Stimulus	S130
1406.0228	0.0004	3515058	Stimulus	S130
1408.056	0.0004	3520141	Stimulus	S 70
1409.156	0.0004	3522891	Stimulus	S130
1409.2412	0.0004	3523104	Stimulus	S130
1411.938	0.0004	3529846	Stimulus	S 70
1413.038	0.0004	3532596	Stimulus	S130
1413.1228	0.0004	3532808	Stimulus	S 99
1415.8204	0.0004	3539552	Stimulus	S 70
1416.9204	0.0004	3542302	Stimulus	S130
1417.0052	0.0004	3542514	Stimulus	S 99
1419.6184	0.0004	3549047	Stimulus	S 70
1420.7184	0.0004	3551797	Stimulus	S130
1420.8036	0.0004	3552010	Stimulus	S 99
1422.9068	0.0004	3557268	Stimulus	S 70
1424.0068	0.0004	3560018	Stimulus	S130
1424.092	0.0004	3560231	Stimulus	S 99
1426.3536	0.0004	3565885	Stimulus	S 70
1427.4536	0.0004	3568635	Stimulus	S130
1427.5384	0.0004	3568847	Stimulus	S 99
1430.3928	0.0004	3575983	Stimulus	S 70
1431.4928	0.0004	3578733	Stimulus	S130
1431.5776	0.0004	3578945	Stimulus	S 99
1434.0064	0.0004	3585017	Stimulus	S 70
1435.1064	0.0004	3587767	Stimulus	S130
1435.1912	0.0004	3587979	Stimulus	S 99
1437.3016	0.0004	3593255	Stimulus	S 70
1438.4016	0.0004	3596005	Stimulus	S130
1438.4868	0.0004	3596218	Stimulus	S 99
1440.1044	0.0004	3600262	Stimulus	S 70
1441.2044	0.0004	3603012	Stimulus	S130
1441.2892	0.0004	3603224	Stimulus	S 99
1443.3532	0.0004	3608384	Stimulus	S 70
1444.4532	0.0004	3611134	Stimulus	S130
1444.538	0.0004	3611346	Stimulus	S 99
1445.9784	0.0004	3614947	Stimulus	S 70
1447.0784	0.0004	3617697	Stimulus	S130
1447.1636	0.0004	3617910	Stimulus	S 99
1449.7144	0.0004	3624287	Stimulus	S 70
1450.814	0.0004	3627036	Stimulus	S130
1450.8992	0.0004	3627249	Stimulus	S 99
1452.7976	0.0004	3631995	Stimulus	S 70
1453.8976	0.0004	3634745	Stimulus	S130
1453.9828	0.0004	3634958	Stimulus	S 99
1455.4172	0.0004	3638544	Stimulus	S 70
1456.5168	0.0004	3641293	Stimulus	S130
1456.602	0.0004	3641506	Stimulus	S130
1459.0828	0.0004	3647708	Stimulus	S 70
1460.1828	0.0004	3650458	Stimulus	S130
1460.2676	0.0004	3650670	Stimulus	S 99
1463.0752	0.0004	3657689	Stimulus	S 70
1464.1752	0.0004	3660439	Stimulus	S130
1464.26	0.0004	3660651	Stimulus	S 99
1466.6016	0.0004	3666505	Stimulus	S 70
1467.7016	0.0004	3669255	Stimulus	S130
1467.7864	0.0004	3669467	Stimulus	S 99
1470.5732	0.0004	3676434	Stimulus	S 70
1471.6732	0.0004	3679184	Stimulus	S130
1471.758	0.0004	3679396	Stimulus	S 99
1474.128	0.0004	3685321	Stimulus	S 70
1475.2276	0.0004	3688070	Stimulus	S130
1475.3128	0.0004	3688283	Stimulus	S 99
1477.5632	0.0004	3693909	Stimulus	S 70
1478.6632	0.0004	3696659	Stimulus	S130
1478.748	0.0004	3696871	Stimulus	S 99
1481.3992	0.0004	3703499	Stimulus	S 70
1482.4992	0.0004	3706249	Stimulus	S130
1482.5844	0.0004	3706462	Stimulus	S 99
1509.3292	0.0004	3773324	Stimulus	S  1
1511.656	0.0004	3779141	Stimulus	S 70
1511.984	0.0004	3779961	Stimulus	S130
1512.0688	0.0004	3780173	Stimulus	S 99
1513.8268	0.0004	3784568	Stimulus	S 70
1514.9428	0.0004	3787358	Stimulus	S130
1515.0276	0.0004	3787570	Stimulus	S 99
1517.402	0.0004	3793506	Stimulus	S 70
1519.0712	0.0004	3797679	Stimulus	S130
1519.156	0.0004	3797891	Stimulus	S130
1521.8916	0.0004	3804730	Stimulus	S 70
1522.9404	0.0004	3807352	Stimulus	S130
1523.0256	0.0004	3807565	Stimulus	S 99
1525.8456	0.0004	3814615	Stimulus	S 70
1526.0208	0.0004	3815053	Stimulus	S130
1526.1056	0.0004	3815265	Stimulus	S 99
1528.9452	0.0004	3822364	Stimulus	S 70
1530.6632	0.0004	3826659	Stimulus	S130
1530.748	0.0004	3826871	Stimulus	S 99
1533.588	0.0004	3833971	Stimulus	S 70
1534.3212	0.0004	3835804	Stimulus	S130
1534.406	0.0004	3836016	Stimulus	S130
1537.2572	0.0004	3843144	Stimulus	S 70
1539.0432	0.0004	3847609	Stimulus	S130
1539.1284	0.0004	3847822	Stimulus	S 99
1541.0724	0.0004	3852682	Stimulus	S 70
1542.0184	0.0004	3855047	Stimulus	S130
1542.1036	0.0004	3855260	Stimulus	S 99
1544.9528	0.0004	3862383	Stimulus	S 70
1545.134	0.0004	3862836	Stimulus	S130
1545.2188	0.0004	3863048	Stimulus	S 99
1547.446	0.0004	3868616	Stimulus	S 70
1549.3068	0.0004	3873268	Stimulus	S130
1549.392	0.0004	3873481	Stimulus	S 99
1551.8988	0.0004	3879748	Stimulus	S 70
1553.8696	0.0004	3884675	Stimulus	S130
1553.9548	0.0004	3884888	Stimulus	S 99
1556.3864	0.0004	3890967	Stimulus	S 70
1556.7124	0.0004	3891782	Stimulus	S130
1556.7976	0.0004	3891995	Stimulus	S 99
1558.588	0.0004	3896471	Stimulus	S 70
1560.0028	0.0004	3900008	Stimulus	S130
1560.0876	0.0004	3900220	Stimulus	S 99
1561.8924	0.0004	3904732	Stimulus	S 70
1562.3404	0.0004	3905852	Stimulus	S130
1562.4252	0.0004	3906064	Stimulus	S 99
1563.9152	0.0004	3909789	Stimulus	S 70
1565.2812	0.0004	3913204	Stimulus	S130
1565.366	0.0004	3913416	Stimulus	S 99
1567.37	0.0004	3918426	Stimulus	S 70
1567.538	0.0004	3918846	Stimulus	S130
1567.6228	0.0004	3919058	Stimulus	S 99
1569.9852	0.0004	3924964	Stimulus	S 70
1570.18	0.0004	3925451	Stimulus	S130
1570.2652	0.0004	3925664	Stimulus	S 99
1572.478	0.0004	3931196	Stimulus	S 70
1572.6228	0.0004	3931558	Stimulus	S130
1572.708	0.0004	3931771	Stimulus	S 99
1575.3604	0.0004	3938402	Stimulus	S 70
1577.2824	0.0004	3943207	Stimulus	S130
1577.3676	0.0004	3943420	Stimulus	S 99
1579.888	0.0004	3949721	Stimulus	S 70
1580.998	0.0004	3952496	Stimulus	S130
1581.0828	0.0004	3952708	Stimulus	S 99
1583.0128	0.0004	3957533	Stimulus	S 70
1584.3156	0.0004	3960790	Stimulus	S130
1584.4008	0.0004	3961003	Stimulus	S 99
1586.1764	0.0004	3965442	Stimulus	S 70
1587.4772	0.0004	3968694	Stimulus	S130
1587.5624	0.0004	3968907	Stimulus	S 99
1590.2436	0.0004	3975610	Stimulus	S 70
1590.9016	0.0004	3977255	Stimulus	S130
1590.9868	0.0004	3977468	Stimulus	S130
1593.1688	0.0004	3982923	Stimulus	S 70
1594.2668	0.0004	3985668	Stimulus	S130
1594.3516	0.0004	3985880	Stimulus	S 99
1596.7616	0.0004	3991905	Stimulus	S 70
1598.4956	0.0004	3996240	Stimulus	S130
1598.5804	0.0004	3996452	Stimulus	S 99
1600.3276	0.0004	4000820	Stimulus	S 70
1601.6964	0.0004	4004242	Stimulus	S130
1601.7816	0.0004	4004455	Stimulus	S 99
1604.1872	0.0004	4010469	Stimulus	S 70
1605.048	0.0004	4012621	Stimulus	S130
1605.1332	0.0004	4012834	Stimulus	S 99
1607.5648	0.0004	4018913	Stimulus	S 70
1609.4196	0.0004	4023550	Stimulus	S130
1609.5048	0.0004	4023763	Stimulus	S 99
1611.44	0.0004	4028601	Stimulus	S 70
1613.464	0.0004	4033661	Stimulus	S130
1613.5492	0.0004	4033874	Stimulus	S 99
1615.3632	0.0004	4038409	Stimulus	S 70
1617.006	0.0004	4042516	Stimulus	S130
1617.0908	0.0004	4042728	Stimulus	S 99
1619.5812	0.0004	4048954	Stimulus	S 70
1620.27	0.0004	4050676	Stimulus	S130
1620.3552	0.0004	4050889	Stimulus	S 99
1622.9904	0.0004	4057477	Stimulus	S 70
1623.6592	0.0004	4059149	Stimulus	S130
1623.7444	0.0004	4059362	Stimulus	S 99
1626.3288	0.0004	4065823	Stimulus	S 70
1626.8436	0.0004	4067110	Stimulus	S130
1626.9284	0.0004	4067322	Stimulus	S 99
1628.8236	0.0004	4072060	Stimulus	S 70
1629.7348	0.0004	4074338	Stimulus	S130
1629.8196	0.0004	4074550	Stimulus	S 99
1632.1932	0.0004	4080484	Stimulus	S 70
1632.6632	0.0004	4081659	Stimulus	S130
1632.748	0.0004	4081871	Stimulus	S 99
1634.3084	0.0004	4085772	Stimulus	S 70
1635.0692	0.0004	4087674	Stimulus	S130
1635.154	0.0004	4087886	Stimulus	S 99
1637.6176	0.0004	4094045	Stimulus	S 70
1638.3196	0.0004	4095800	Stimulus	S130
1638.4044	0.0004	4096012	Stimulus	S 99
1640.158	0.0004	4100396	Stimulus	S 70
1640.7808	0.0004	4101953	Stimulus	S130
1640.866	0.0004	4102166	Stimulus	S 99
1643.7188	0.0004	4109298	Stimulus	S 70
1643.9948	0.0004	4109988	Stimulus	S130
1644.08	0.0004	4110201	Stimulus	S 99
1646.4392	0.0004	4116099	Stimulus	S 70
1647.8184	0.0004	4119547	Stimulus	S130
1647.9032	0.0004	4119759	Stimulus	S 99
1650.3844	0.0004	4125962	Stimulus	S 70
1651.1944	0.0004	4127987	Stimulus	S130
1651.2796	0.0004	4128200	Stimulus	S130
1653.4588	0.0004	4133648	Stimulus	S 70
1654.7256	0.0004	4136815	Stimulus	S130
1654.8108	0.0004	4137028	Stimulus	S 99
1656.3204	0.0004	4140802	Stimulus	S 70
1657.6892	0.0004	4144224	Stimulus	S130
1657.7744	0.0004	4144437	Stimulus	S 99
1660.6256	0.0004	4151565	Stimulus	S 70
1662.0076	0.0004	4155020	Stimulus	S130
1662.0928	0.0004	4155233	Stimulus	S 99
1664.6456	0.0004	4161615	Stimulus	S 70
1666.2068	0.0004	4165518	Stimulus	S130
1666.2916	0.0004	4165730	Stimulus	S 99
1667.8396	0.0004	4169600	Stimulus	S 70
1668.6216	0.0004	4171555	Stimulus	S130
1668.7064	0.0004	4171767	Stimulus	S 99
1671.5712	0.0004	4178929	Stimulus	S 70
1672.4912	0.0004	4181229	Stimulus	S130
1672.5764	0.0004	4181442	Stimulus	S 99
1675.2252	0.0004	4188064	Stimulus	S 70
1675.59	0.0004	4188976	Stimulus	S130
1675.6748	0.0004	4189188	Stimulus	S 99
1677.7836	0.0004	4194460	Stimulus	S 70
1678.3064	0.0004	4195767	Stimulus	S130
1678.3912	0.0004	4195979	Stimulus	S 99
1680.5292	0.0004	4201324	Stimulus	S 70
1682.4864	0.0004	4206217	Stimulus	S130
1682.5712	0.0004	4206429	Stimulus	S 99
1684.8316	0.0004	4212080	Stimulus	S 70
1685.7016	0.0004	4214255	Stimulus	S130
1685.7864	0.0004	4214467	Stimulus	S130
1687.7928	0.0004	4219483	Stimulus	S 70
1688.1068	0.0004	4220268	Stimulus	S130
1688.1916	0.0004	4220480	Stimulus	S 99
1690.5052	0.0004	4226264	Stimulus	S 70
1692.5744	0.0004	4231437	Stimulus	S130
1692.6592	0.0004	4231649	Stimulus	S 99
1694.8432	0.0004	4237109	Stimulus	S 70
1695.746	0.0004	4239366	Stimulus	S130
1695.8312	0.0004	4239579	Stimulus	S 99
1697.4292	0.0004	4243574	Stimulus	S 70
1698.9584	0.0004	4247397	Stimulus	S130
1699.0432	0.0004	4247609	Stimulus	S 99
1701.432	0.0004	4253581	Stimulus	S 70
1703.512	0.0004	4258781	Stimulus	S130
1703.5972	0.0004	4258994	Stimulus	S 99
1706.0012	0.0004	4265004	Stimulus	S 70
1707.196	0.0004	4267991	Stimulus	S130
1707.2812	0.0004	4268204	Stimulus	S 99
1710.0664	0.0004	4275167	Stimulus	S 70
1711.1176	0.0004	4277795	Stimulus	S130
1711.2024	0.0004	4278007	Stimulus	S 99
1713.608	0.0004	4284021	Stimulus	S 70
1713.856	0.0004	4284641	Stimulus	S130
1713.9412	0.0004	4284854	Stimulus	S 99
1715.9136	0.0004	4289785	Stimulus	S 70
1716.0888	0.0004	4290223	Stimulus	S130
1716.1736	0.0004	4290435	Stimulus	S 99
1717.838	0.0004	4294596	Stimulus	S 70
1718.1728	0.0004	4295433	Stimulus	S130
1718.258	0.0004	4295646	Stimulus	S 99
1721.0048	0.0004	4302513	Stimulus	S 70
1722.3588	0.0004	4305898	Stimulus	S130
1722.444	0.0004	4306111	Stimulus	S 99
1724.7096	0.0004	4311775	Stimulus	S 70
1725.6756	0.0004	4314190	Stimulus	S130
1725.7608	0.0004	4314403	Stimulus	S 99
1728.3916	0.0004	4320980	Stimulus	S 70
1730.3588	0.0004	4325898	Stimulus	S130
1730.4436	0.0004	4326110	Stimulus	S 99
1733.0532	0.0004	4332634	Stimulus	S 70
1733.9492	0.0004	4334874	Stimulus	S130
1734.0344	0.0004	4335087	Stimulus	S 99
1736.784	0.0004	4341961	Stimulus	S 70
1737.1448	0.0004	4342863	Stimulus	S130
1737.23	0.0004	4343076	Stimulus	S 99
1739.8584	0.0004	4349647	Stimulus	S 70
1741.0532	0.0004	4352634	Stimulus	S130
1741.1384	0.0004	4352847	Stimulus	S 99
1742.938	0.0004	4357346	Stimulus	S 70
1743.5688	0.0004	4358923	Stimulus	S130
1743.654	0.0004	4359136	Stimulus	S 99
1745.4308	0.0004	4363578	Stimulus	S 70
1745.7408	0.0004	4364353	Stimulus	S130
1745.8256	0.0004	4364565	Stimulus	S 99
1748.4608	0.0004	4371153	Stimulus	S 70
1749.8524	0.0004	4374632	Stimulus	S130
1749.9376	0.0004	4374845	Stimulus	S 99
1752.5816	0.0004	4381455	Stimulus	S 70
1752.8464	0.0004	4382117	Stimulus	S130
1752.9316	0.0004	4382330	Stimulus	S 99
1755.7736	0.0004	4389435	Stimulus	S 70
1757.6404	0.0004	4394102	Stimulus	S130
1757.7252	0.0004	4394314	Stimulus	S 99
1759.74	0.0004	4399351	Stimulus	S 70
1760.0252	0.0004	4400064	Stimulus	S130
1760.11	0.0004	4400276	Stimulus	S 99
1762.178	0.0004	4405446	Stimulus	S 70
1763.95	0.0004	4409876	Stimulus	S130
1764.0348	0.0004	4410088	Stimulus	S 99
1766.8784	0.0004	4417197	Stimulus	S 70
1768.0336	0.0004	4420085	Stimulus	S130
1768.1184	0.0004	4420297	Stimulus	S 99
1770.1764	0.0004	4425442	Stimulus	S 70
1771.4672	0.0004	4428669	Stimulus	S130
1771.5524	0.0004	4428882	Stimulus	S 99
1774.4212	0.0004	4436054	Stimulus	S 70
1775.286	0.0004	4438216	Stimulus	S130
1775.3712	0.0004	4438429	Stimulus	S 99
1777.2968	0.0004	4443243	Stimulus	S 70
1779.092	0.0004	4447731	Stimulus	S130
1779.1768	0.0004	4447943	Stimulus	S 99
1781.6544	0.0004	4454137	Stimulus	S 70
1782.7432	0.0004	4456859	Stimulus	S130
1782.8284	0.0004	4457072	Stimulus	S 99
1785.7196	0.0004	4464300	Stimulus	S 70
1786.8568	0.0004	4467143	Stimulus	S130
1786.9416	0.0004	4467355	Stimulus	S 99
1788.998	0.0004	4472496	Stimulus	S 70
1789.636	0.0004	4474091	Stimulus	S130
1789.7208	0.0004	4474303	Stimulus	S 99
1791.7564	0.0004	4479392	Stimulus	S 70
1792.7192	0.0004	4481799	Stimulus	S130
1792.8044	0.0004	4482012	Stimulus	S 99
1794.9944	0.0004	4487487	Stimulus	S 70
1795.2124	0.0004	4488032	Stimulus	S130
1795.2972	0.0004	4488244	Stimulus	S 99
1796.9548	0.0004	4492388	Stimulus	S 70
1797.544	0.0004	4493861	Stimulus	S130
1797.6288	0.0004	4494073	Stimulus	S 99
1799.7276	0.0004	4499320	Stimulus	S 70
1800.8604	0.0004	4502152	Stimulus	S130
1800.9456	0.0004	4502365	Stimulus	S 99
1803.294	0.0004	4508236	Stimulus	S 70
1804.298	0.0004	4510746	Stimulus	S130
1804.3832	0.0004	4510959	Stimulus	S 99
1806.472	0.0004	4516181	Stimulus	S 70
1808.128	0.0004	4520321	Stimulus	S130
1808.2128	0.0004	4520533	Stimulus	S130
1809.7392	0.0004	4524349	Stimulus	S 70
1811.726	0.0004	4529316	Stimulus	S130
1811.8112	0.0004	4529529	Stimulus	S 99
1813.8676	0.0004	4534670	Stimulus	S 70
1814.1464	0.0004	4535367	Stimulus	S130
1814.2316	0.0004	4535580	Stimulus	S 99
1816.3384	0.0004	4540847	Stimulus	S 70
1817.4684	0.0004	4543672	Stimulus	S130
1817.5532	0.0004	4543884	Stimulus	S 99
1819.0968	0.0004	4547743	Stimulus	S 70
1819.4588	0.0004	4548648	Stimulus	S130
1819.544	0.0004	4548861	Stimulus	S 99
1822.426	0.0004	4556066	Stimulus	S 70
1824.016	0.0004	4560041	Stimulus	S130
1824.1008	0.0004	4560253	Stimulus	S 99
1826.5784	0.0004	4566447	Stimulus	S 70
1828.4244	0.0004	4571062	Stimulus	S130
1828.5092	0.0004	4571274	Stimulus	S 99
1830.9064	0.0004	4577267	Stimulus	S 70
1831.3144	0.0004	4578287	Stimulus	S130
1831.3992	0.0004	4578499	Stimulus	S 99
1833.8128	0.0004	4584533	Stimulus	S 70
1834.8584	0.0004	4587147	Stimulus	S130
1834.9436	0.0004	4587360	Stimulus	S 99
1837.3952	0.0004	4593489	Stimulus	S 70
1839.2112	0.0004	4598029	Stimulus	S130
1839.296	0.0004	4598241	Stimulus	S 99
1841.4064	0.0004	4603517	Stimulus	S 70
1842.2524	0.0004	4605632	Stimulus	S130
1842.3376	0.0004	4605845	Stimulus	S 99
1844.728	0.0004	4611821	Stimulus	S 70
1846.2912	0.0004	4615729	Stimulus	S130
1846.376	0.0004	4615941	Stimulus	S 99
1848.4248	0.0004	4621063	Stimulus	S 70
1849.7376	0.0004	4624345	Stimulus	S130
1849.8228	0.0004	4624558	Stimulus	S 99
1876.294	0.0004	4690736	Stimulus	S  1
1878.6504	0.0004	4696627	Stimulus	S 70
1879.7504	0.0004	4699377	Stimulus	S130
1879.8356	0.0004	4699590	Stimulus	S 99
1881.632	0.0004	4704081	Stimulus	S 70
1882.732	0.0004	4706831	Stimulus	S130
1882.8168	0.0004	4707043	Stimulus	S 99
1884.7596	0.0004	4711900	Stimulus	S 70
1885.8596	0.0004	4714650	Stimulus	S130
1885.9444	0.0004	4714862	Stimulus	S 99
1887.6348	0.0004	4719088	Stimulus	S 70
1888.7348	0.0004	4721838	Stimulus	S130
1888.8196	0.0004	4722050	Stimulus	S 99
1890.5724	0.0004	4726432	Stimulus	S 70
1891.6724	0.0004	4729182	Stimulus	S130
1891.7572	0.0004	4729394	Stimulus	S 99
1893.5832	0.0004	4733959	Stimulus	S 70
1894.6828	0.0004	4736708	Stimulus	S130
1894.768	0.0004	4736921	Stimulus	S 99
1897.478	0.0004	4743696	Stimulus	S 70
1898.578	0.0004	4746446	Stimulus	S130
1898.6628	0.0004	4746658	Stimulus	S 99
1901.0316	0.0004	4752580	Stimulus	S 70
1902.1316	0.0004	4755330	Stimulus	S130
1902.2164	0.0004	4755542	Stimulus	S 99
1904.3748	0.0004	4760938	Stimulus	S 70
1905.4748	0.0004	4763688	Stimulus	S130
1905.5596	0.0004	4763900	Stimulus	S 99
1908.0112	0.0004	4770029	Stimulus	S 70
1909.1112	0.0004	4772779	Stimulus	S130
1909.196	0.0004	4772991	Stimulus	S 99
1912.0412	0.0004	4780104	Stimulus	S 70
1913.1412	0.0004	4782854	Stimulus	S130
1913.226	0.0004	4783066	Stimulus	S130
1916.0224	0.0004	4790057	Stimulus	S 70
1917.1224	0.0004	4792807	Stimulus	S130
1917.2072	0.0004	4793019	Stimulus	S 99
1919.2412	0.0004	4798104	Stimulus	S 70
1920.3412	0.0004	4800854	Stimulus	S130
1920.426	0.0004	4801066	Stimulus	S 99
1922.0268	0.0004	4805068	Stimulus	S 70
1923.1268	0.0004	4807818	Stimulus	S130
1923.2116	0.0004	4808030	Stimulus	S 99
1925.334	0.0004	4813336	Stimulus	S 70
1926.434	0.0004	4816086	Stimulus	S130
1926.5192	0.0004	4816299	Stimulus	S 99
1928.0348	0.0004	4820088	Stimulus	S 70
1929.1348	0.0004	4822838	Stimulus	S130
1929.2196	0.0004	4823050	Stimulus	S 99
1931.3124	0.0004	4828282	Stimulus	S 70
1932.4124	0.0004	4831032	Stimulus	S130
1932.4976	0.0004	4831245	Stimulus	S 99
1934.4124	0.0004	4836032	Stimulus	S 70
1935.512	0.0004	4838781	Stimulus	S130
1935.5972	0.0004	4838994	Stimulus	S 99
1938.0492	0.0004	4845124	Stimulus	S 70
1939.1488	0.0004	4847873	Stimulus	S130
1939.234	0.0004	4848086	Stimulus	S 99
1940.9324	0.0004	4852332	Stimulus	S 70
1942.032	0.0004	4855081	Stimulus	S130
1942.1172	0.0004	4855294	Stimulus	S 99
1944.8744	0.0004	4862187	Stimulus	S 70
1945.9744	0.0004	4864937	Stimulus	S130
1946.0592	0.0004	4865149	Stimulus	S 99
1947.8596	0.0004	4869650	Stimulus	S 70
1948.9596	0.0004	4872400	Stimulus	S130
1949.0448	0.0004	4872613	Stimulus	S 99
1951.8124	0.0004	4879532	Stimulus	S 70
1952.9124	0.0004	4882282	Stimulus	S130
1952.9976	0.0004	4882495	Stimulus	S 99
1955.3388	0.0004	4888348	Stimulus	S 70
1956.4388	0.0004	4891098	Stimulus	S130
1956.5236	0.0004	4891310	Stimulus	S130
1959.1712	0.0004	4897929	Stimulus	S 70
1960.2712	0.0004	4900679	Stimulus	S130
1960.3564	0.0004	4900892	Stimulus	S 99
1962.4064	0.0004	4906017	Stimulus	S 70
1963.5064	0.0004	4908767	Stimulus	S130
1963.5912	0.0004	4908979	Stimulus	S 99
1965.0312	0.0004	4912579	Stimulus	S 70
1966.1312	0.0004	4915329	Stimulus	S130
1966.2164	0.0004	4915542	Stimulus	S 99
1968.5276	0.0004	4921320	Stimulus	S 70
1969.6276	0.0004	4924070	Stimulus	S130
1969.7124	0.0004	4924282	Stimulus	S 99
1971.8616	0.0004	4929655	Stimulus	S 70
1972.9616	0.0004	4932405	Stimulus	S130
1973.0468	0.0004	4932618	Stimulus	S 99
1974.908	0.0004	4937271	Stimulus	S 70
1976.008	0.0004	4940021	Stimulus	S130
1976.0928	0.0004	4940233	Stimulus	S130
1978.5072	0.0004	4946269	Stimulus	S 70
1979.6072	0.0004	4949019	Stimulus	S130
1979.692	0.0004	4949231	Stimulus	S 99
1982.122	0.0004	4955306	Stimulus	S 70
1983.2216	0.0004	4958055	Stimulus	S130
1983.3068	0.0004	4958268	Stimulus	S 99
1985.2228	0.0004	4963058	Stimulus	S 70
1986.3228	0.0004	4965808	Stimulus	S130
1986.4076	0.0004	4966020	Stimulus	S 99
1988.6564	0.0004	4971642	Stimulus	S 70
1989.7564	0.0004	4974392	Stimulus	S130
1989.8412	0.0004	4974604	Stimulus	S 99
1992.4932	0.0004	4981234	Stimulus	S 70
1993.5932	0.0004	4983984	Stimulus	S130
1993.6784	0.0004	4984197	Stimulus	S 99
1995.6436	0.0004	4989110	Stimulus	S 70
1996.7436	0.0004	4991860	Stimulus	S130
1996.8284	0.0004	4992072	Stimulus	S 99
1999.6456	0.0004	4999115	Stimulus	S 70
2000.7456	0.0004	5001865	Stimulus	S130
2000.8308	0.0004	5002078	Stimulus	S 99
2003.5628	0.0004	5008908	Stimulus	S 70
2004.6628	0.0004	5011658	Stimulus	S130
2004.7476	0.0004	5011870	Stimulus	S 99
2007.6332	0.0004	5019084	Stimulus	S 70
2008.7332	0.0004	5021834	Stimulus	S130
2008.8184	0.0004	5022047	Stimulus	S 99
2011.718	0.0004	5029296	Stimulus	S 70
2012.818	0.0004	5032046	Stimulus	S130
2012.9032	0.0004	5032259	Stimulus	S 99
2014.6024	0.0004	5036507	Stimulus	S 70
2015.7024	0.0004	5039257	Stimulus	S130
2015.7872	0.0004	5039469	Stimulus	S130
2018.2036	0.0004	5045510	Stimulus	S 70
2019.3036	0.0004	5048260	Stimulus	S130
2019.3884	0.0004	5048472	Stimulus	S 99
2021.0788	0.0004	5052698	Stimulus	S 70
2022.1788	0.0004	5055448	Stimulus	S130
2022.2636	0.0004	5055660	Stimulus	S 99
2023.8904	0.0004	5059727	Stimulus	S 70
2024.9904	0.0004	5062477	Stimulus	S130
2025.0752	0.0004	5062689	Stimulus	S 99
2027.4756	0.0004	5068690	Stimulus	S 70
2028.5756	0.0004	5071440	Stimulus	S130
2028.6604	0.0004	5071652	Stimulus	S 99
2030.5744	0.0004	5076437	Stimulus	S 70
2031.6744	0.0004	5079187	Stimulus	S130
2031.7592	0.0004	5079399	Stimulus	S 99
2034.268	0.0004	5085671	Stimulus	S 70
2035.368	0.0004	5088421	Stimulus	S130
2035.4528	0.0004	5088633	Stimulus	S 99
2038.3424	0.0004	5095857	Stimulus	S 70
2039.442	0.0004	5098606	Stimulus	S130
2039.5272	0.0004	5098819	Stimulus	S 99
2041.1364	0.0004	5102842	Stimulus	S 70
2042.2364	0.0004	5105592	Stimulus	S130
2042.3216	0.0004	5105805	Stimulus	S 99
2044.0548	0.0004	5110138	Stimulus	S 70
2045.1548	0.0004	5112888	Stimulus	S130
2045.2396	0.0004	5113100	Stimulus	S130
2047.94	0.0004	5119851	Stimulus	S 70
2049.04	0.0004	5122601	Stimulus	S130
2049.1248	0.0004	5122813	Stimulus	S 99
2050.6208	0.0004	5126553	Stimulus	S 70
2051.7208	0.0004	5129303	Stimulus	S130
2051.8056	0.0004	5129515	Stimulus	S 99
2054.5428	0.0004	5136358	Stimulus	S 70
2055.6428	0.0004	5139108	Stimulus	S130
2055.7276	0.0004	5139320	Stimulus	S 99
2058.0744	0.0004	5145187	Stimulus	S 70
2059.1744	0.0004	5147937	Stimulus	S130
2059.2592	0.0004	5148149	Stimulus	S 99
2060.6812	0.0004	5151704	Stimulus	S 70
2061.7812	0.0004	5154454	Stimulus	S130
2061.866	0.0004	5154666	Stimulus	S 99
2063.73	0.0004	5159326	Stimulus	S 70
2064.83	0.0004	5162076	Stimulus	S130
2064.9152	0.0004	5162289	Stimulus	S 99
2067.0852	0.0004	5167714	Stimulus	S 70
2068.1852	0.0004	5170464	Stimulus	S130
2068.2704	0.0004	5170677	Stimulus	S 99
2070.4976	0.0004	5176245	Stimulus	S 70
2071.5976	0.0004	5178995	Stimulus	S130
2071.6824	0.0004	5179207	Stimulus	S 99
2073.9112	0.0004	5184779	Stimulus	S 70
2075.0112	0.0004	5187529	Stimulus	S130
2075.096	0.0004	5187741	Stimulus	S 99
2077.704	0.0004	5194261	Stimulus	S 70
2078.804	0.0004	5197011	Stimulus	S130
2078.8888	0.0004	5197223	Stimulus	S 99
2081.2212	0.0004	5203054	Stimulus	S 70
2082.3212	0.0004	5205804	Stimulus	S130
2082.4064	0.0004	5206017	Stimulus	S 99
2085.0168	0.0004	5212543	Stimulus	S 70
2086.1164	0.0004	5215292	Stimulus	S130
2086.2016	0.0004	5215505	Stimulus	S 99
2087.7084	0.0004	5219272	Stimulus	S 70
2088.8084	0.0004	5222022	Stimulus	S130
2088.8936	0.0004	5222235	Stimulus	S 99
2090.8436	0.0004	5227110	Stimulus	S 70
2091.9436	0.0004	5229860	Stimulus	S130
2092.0284	0.0004	5230072	Stimulus	S 99
2093.5132	0.0004	5233784	Stimulus	S 70
2094.6132	0.0004	5236534	Stimulus	S130
2094.6984	0.0004	5236747	Stimulus	S 99
2096.9728	0.0004	5242433	Stimulus	S 70
2098.0728	0.0004	5245183	Stimulus	S130
2098.1576	0.0004	5245395	Stimulus	S 99
2099.912	0.0004	5249781	Stimulus	S 70
2101.012	0.0004	5252531	Stimulus	S130
2101.0972	0.0004	5252744	Stimulus	S 99
2102.5128	0.0004	5256283	Stimulus	S 70
2103.6128	0.0004	5259033	Stimulus	S130
2103.6976	0.0004	5259245	Stimulus	S 99
2106.6044	0.0004	5266512	Stimulus	S 70
2107.7044	0.0004	5269262	Stimulus	S130
2107.7892	0.0004	5269474	Stimulus	S 99
2110.2992	0.0004	5275749	Stimulus	S 70
2111.3992	0.0004	5278499	Stimulus	S130
2111.484	0.0004	5278711	Stimulus	S 99
2113.9736	0.0004	5284935	Stimulus	S 70
2115.0736	0.0004	5287685	Stimulus	S130
2115.1588	0.0004	5287898	Stimulus	S 99
2117.478	0.0004	5293696	Stimulus	S 70
2118.578	0.0004	5296446	Stimulus	S130
2118.6632	0.0004	5296659	Stimulus	S 99
2120.61	0.0004	5301526	Stimulus	S 70
2121.71	0.0004	5304276	Stimulus	S130
2121.7948	0.0004	5304488	Stimulus	S 99
2123.996	0.0004	5309991	Stimulus	S 70
2125.096	0.0004	5312741	Stimulus	S130
2125.1808	0.0004	5312953	Stimulus	S 99
2126.9804	0.0004	5317452	Stimulus	S 70
2128.0804	0.0004	5320202	Stimulus	S130
2128.1656	0.0004	5320415	Stimulus	S 99
2130.6444	0.0004	5326612	Stimulus	S 70
2131.7444	0.0004	5329362	Stimulus	S130
2131.8296	0.0004	5329575	Stimulus	S 99
2134.5308	0.0004	5336328	Stimulus	S 70
2135.6308	0.0004	5339078	Stimulus	S130
2135.716	0.0004	5339291	Stimulus	S 99
2137.6888	0.0004	5344223	Stimulus	S 70
2138.7884	0.0004	5346972	Stimulus	S130
2138.8736	0.0004	5347185	Stimulus	S130
2140.604	0.0004	5351511	Stimulus	S 70
2141.704	0.0004	5354261	Stimulus	S130
2141.7892	0.0004	5354474	Stimulus	S 99
2144.5504	0.0004	5361377	Stimulus	S 70
2145.6504	0.0004	5364127	Stimulus	S130
2145.7352	0.0004	5364339	Stimulus	S 99
2148.4864	0.0004	5371217	Stimulus	S 70
2149.5864	0.0004	5373967	Stimulus	S130
2149.6716	0.0004	5374180	Stimulus	S 99
2151.9352	0.0004	5379839	Stimulus	S 70
2153.0352	0.0004	5382589	Stimulus	S130
2153.12	0.0004	5382801	Stimulus	S 99
2155.6336	0.0004	5389085	Stimulus	S 70
2156.7336	0.0004	5391835	Stimulus	S130
2156.8184	0.0004	5392047	Stimulus	S 99
2158.5244	0.0004	5396312	Stimulus	S 70
2159.6244	0.0004	5399062	Stimulus	S130
2159.7096	0.0004	5399275	Stimulus	S 99
2162.3332	0.0004	5405834	Stimulus	S 70
2163.4332	0.0004	5408584	Stimulus	S130
2163.5184	0.0004	5408797	Stimulus	S 99
2165.4228	0.0004	5413558	Stimulus	S 70
2166.5228	0.0004	5416308	Stimulus	S130
2166.6076	0.0004	5416520	Stimulus	S 99
2168.6412	0.0004	5421604	Stimulus	S 70
2169.7412	0.0004	5424354	Stimulus	S130
2169.826	0.0004	5424566	Stimulus	S 99
2172.6872	0.0004	5431719	Stimulus	S 70
2173.7872	0.0004	5434469	Stimulus	S130
2173.872	0.0004	5434681	Stimulus	S 99
2176.4248	0.0004	5441063	Stimulus	S 70
2177.5248	0.0004	5443813	Stimulus	S130
2177.61	0.0004	5444026	Stimulus	S 99
2179.1112	0.0004	5447779	Stimulus	S 70
2180.2112	0.0004	5450529	Stimulus	S130
2180.296	0.0004	5450741	Stimulus	S 99
2181.8428	0.0004	5454608	Stimulus	S 70
2182.9428	0.0004	5457358	Stimulus	S130
2183.0276	0.0004	5457570	Stimulus	S 99
2185.134	0.0004	5462836	Stimulus	S 70
2186.234	0.0004	5465586	Stimulus	S130
2186.3192	0.0004	5465799	Stimulus	S 99
2188.0296	0.0004	5470075	Stimulus	S 70
2189.1296	0.0004	5472825	Stimulus	S130
2189.2148	0.0004	5473038	Stimulus	S 99
2191.0724	0.0004	5477682	Stimulus	S 70
2192.1724	0.0004	5480432	Stimulus	S130
2192.2576	0.0004	5480645	Stimulus	S 99
2194.4116	0.0004	5486030	Stimulus	S 70
2195.5112	0.0004	5488779	Stimulus	S130
2195.5964	0.0004	5488992	Stimulus	S 99
2197.8844	0.0004	5494712	Stimulus	S 70
2198.9844	0.0004	5497462	Stimulus	S130
2199.0696	0.0004	5497675	Stimulus	S130
2201.5352	0.0004	5503839	Stimulus	S 70
2202.6352	0.0004	5506589	Stimulus	S130
2202.72	0.0004	5506801	Stimulus	S 99
2204.8992	0.0004	5512249	Stimulus	S 70
2205.9992	0.0004	5514999	Stimulus	S130
2206.0844	0.0004	5515212	Stimulus	S 99
2207.5464	0.0004	5518867	Stimulus	S 70
2208.646	0.0004	5521616	Stimulus	S130
2208.7312	0.0004	5521829	Stimulus	S 99
2210.39	0.0004	5525976	Stimulus	S 70
2211.49	0.0004	5528726	Stimulus	S130
2211.5752	0.0004	5528939	Stimulus	S 99
2316.3048	0.0004	5790763	Stimulus	S  1
2318.3384	0.0004	5795847	Stimulus	S 70
2319.4824	0.0004	5798707	Stimulus	S130
2319.5676	0.0004	5798920	Stimulus	S 99
2322.378	0.0004	5805946	Stimulus	S 70
2322.664	0.0004	5806661	Stimulus	S130
2322.7488	0.0004	5806873	Stimulus	S 99
2324.386	0.0004	5810966	Stimulus	S 70
2324.852	0.0004	5812131	Stimulus	S130
2324.9368	0.0004	5812343	Stimulus	S 99
2327.1384	0.0004	5817847	Stimulus	S 70
2327.6076	0.0004	5819020	Stimulus	S130
2327.6924	0.0004	5819232	Stimulus	S130
2329.8564	0.0004	5824642	Stimulus	S 70
2330.6216	0.0004	5826555	Stimulus	S130
2330.7064	0.0004	5826767	Stimulus	S 99
2332.7008	0.0004	5831753	Stimulus	S 70
2333.822	0.0004	5834556	Stimulus	S130
2333.9068	0.0004	5834768	Stimulus	S 99
2335.6312	0.0004	5839079	Stimulus	S 70
2336.5672	0.0004	5841419	Stimulus	S130
2336.652	0.0004	5841631	Stimulus	S 99
2338.128	0.0004	5845321	Stimulus	S 70
2338.2568	0.0004	5845643	Stimulus	S130
2338.342	0.0004	5845856	Stimulus	S 99
2340.722	0.0004	5851806	Stimulus	S 70
2341.9428	0.0004	5854858	Stimulus	S130
2342.0276	0.0004	5855070	Stimulus	S 99
2343.9344	0.0004	5859837	Stimulus	S 70
2344.1764	0.0004	5860442	Stimulus	S130
2344.2616	0.0004	5860655	Stimulus	S 99
2345.874	0.0004	5864686	Stimulus	S 70
2346.688	0.0004	5866721	Stimulus	S130
2346.7728	0.0004	5866933	Stimulus	S 99
2348.8056	0.0004	5872015	Stimulus	S 70
2350.5956	0.0004	5876490	Stimulus	S130
2350.6804	0.0004	5876702	Stimulus	S 99
2353.448	0.0004	5883621	Stimulus	S 70
2355.398	0.0004	5888496	Stimulus	S130
2355.4832	0.0004	5888709	Stimulus	S 99
2358.1524	0.0004	5895382	Stimulus	S 70
2359.1704	0.0004	5897927	Stimulus	S130
2359.2556	0.0004	5898140	Stimulus	S 99
2361.1164	0.0004	5902792	Stimulus	S 70
2361.3852	0.0004	5903464	Stimulus	S130
2361.4704	0.0004	5903677	Stimulus	S 99
2363.0048	0.0004	5907513	Stimulus	S 70
2363.164	0.0004	5907911	Stimulus	S130
2363.2488	0.0004	5908123	Stimulus	S 99
2365.4308	0.0004	5913578	Stimulus	S 70
2366.5984	0.0004	5916497	Stimulus	S130
2366.6836	0.0004	5916710	Stimulus	S 99
2369.1304	0.0004	5922827	Stimulus	S 70
2370.0232	0.0004	5925059	Stimulus	S130
2370.1084	0.0004	5925272	Stimulus	S 99
2371.834	0.0004	5929586	Stimulus	S 70
2373.2972	0.0004	5933244	Stimulus	S130
2373.382	0.0004	5933456	Stimulus	S130
2375.1688	0.0004	5937923	Stimulus	S 70
2376.8736	0.0004	5942185	Stimulus	S130
2376.9588	0.0004	5942398	Stimulus	S 99
2379.1912	0.0004	5947979	Stimulus	S 70
2380.4732	0.0004	5951184	Stimulus	S130
2380.5584	0.0004	5951397	Stimulus	S 99
2382.4428	0.0004	5956108	Stimulus	S 70
2383.0108	0.0004	5957528	Stimulus	S130
2383.096	0.0004	5957741	Stimulus	S 99
2384.7232	0.0004	5961809	Stimulus	S 70
2386.5112	0.0004	5966279	Stimulus	S130
2386.5964	0.0004	5966492	Stimulus	S 99
2388.0288	0.0004	5970073	Stimulus	S 70
2388.1796	0.0004	5970450	Stimulus	S130
2388.2648	0.0004	5970663	Stimulus	S 99
2390.5676	0.0004	5976420	Stimulus	S 70
2392.6596	0.0004	5981650	Stimulus	S130
2392.7448	0.0004	5981863	Stimulus	S 99
2394.9728	0.0004	5987433	Stimulus	S 70
2396.5076	0.0004	5991270	Stimulus	S130
2396.5924	0.0004	5991482	Stimulus	S 99
2399.2444	0.0004	5998112	Stimulus	S 70
2400.7064	0.0004	6001767	Stimulus	S130
2400.7912	0.0004	6001979	Stimulus	S 99
2402.732	0.0004	6006831	Stimulus	S 70
2404.336	0.0004	6010841	Stimulus	S130
2404.4212	0.0004	6011054	Stimulus	S 99
2407.2868	0.0004	6018218	Stimulus	S 70
2407.9948	0.0004	6019988	Stimulus	S130
2408.08	0.0004	6020201	Stimulus	S 99
2410.678	0.0004	6026696	Stimulus	S 70
2411.884	0.0004	6029711	Stimulus	S130
2411.9688	0.0004	6029923	Stimulus	S 99
2413.6644	0.0004	6034162	Stimulus	S 70
2415.3184	0.0004	6038297	Stimulus	S130
2415.4032	0.0004	6038509	Stimulus	S 99
2417.638	0.0004	6044096	Stimulus	S 70
2419.668	0.0004	6049171	Stimulus	S130
2419.7532	0.0004	6049384	Stimulus	S 99
2421.5396	0.0004	6053850	Stimulus	S 70
2422.1928	0.0004	6055483	Stimulus	S130
2422.2776	0.0004	6055695	Stimulus	S 99
2424.31	0.0004	6060776	Stimulus	S 70
2424.4488	0.0004	6061123	Stimulus	S130
2424.534	0.0004	6061336	Stimulus	S130
2426.7804	0.0004	6066952	Stimulus	S 70
2427.8224	0.0004	6069557	Stimulus	S130
2427.9076	0.0004	6069770	Stimulus	S 99
2429.9408	0.0004	6074853	Stimulus	S 70
2431.1168	0.0004	6077793	Stimulus	S130
2431.2016	0.0004	6078005	Stimulus	S 99
2433.214	0.0004	6083036	Stimulus	S 70
2434.4136	0.0004	6086035	Stimulus	S130
2434.4988	0.0004	6086248	Stimulus	S 99
2436.6696	0.0004	6091675	Stimulus	S 70
2437.6136	0.0004	6094035	Stimulus	S130
2437.6988	0.0004	6094248	Stimulus	S 99
2439.228	0.0004	6098071	Stimulus	S 70
2440.6868	0.0004	6101718	Stimulus	S130
2440.772	0.0004	6101931	Stimulus	S 99
2442.9188	0.0004	6107298	Stimulus	S 70
2443.0216	0.0004	6107555	Stimulus	S130
2443.1068	0.0004	6107768	Stimulus	S 99
2445.51	0.0004	6113776	Stimulus	S 70
2447.27	0.0004	6118176	Stimulus	S130
2447.3548	0.0004	6118388	Stimulus	S 99
2449.6676	0.0004	6124170	Stimulus	S 70
2450.0716	0.0004	6125180	Stimulus	S130
2450.1568	0.0004	6125393	Stimulus	S 99
2452.6172	0.0004	6131544	Stimulus	S 70
2453.26	0.0004	6133151	Stimulus	S130
2453.3452	0.0004	6133364	Stimulus	S130
2454.9288	0.0004	6137323	Stimulus	S 70
2456.3368	0.0004	6140843	Stimulus	S130
2456.4216	0.0004	6141055	Stimulus	S 99
2458.2172	0.0004	6145544	Stimulus	S 70
2459.6264	0.0004	6149067	Stimulus	S130
2459.7112	0.0004	6149279	Stimulus	S 99
2461.2992	0.0004	6153249	Stimulus	S 70
2462.7004	0.0004	6156752	Stimulus	S130
2462.7852	0.0004	6156964	Stimulus	S 99
2465.2332	0.0004	6163084	Stimulus	S 70
2465.956	0.0004	6164891	Stimulus	S130
2466.0412	0.0004	6165104	Stimulus	S 99
2468.7988	0.0004	6171998	Stimulus	S 70
2470.4644	0.0004	6176162	Stimulus	S130
2470.5496	0.0004	6176375	Stimulus	S 99
2472.3716	0.0004	6180930	Stimulus	S 70
2472.7108	0.0004	6181778	Stimulus	S130
2472.7956	0.0004	6181990	Stimulus	S 99
2474.63	0.0004	6186576	Stimulus	S 70
2475.2168	0.0004	6188043	Stimulus	S130
2475.302	0.0004	6188256	Stimulus	S 99
2478.1268	0.0004	6195318	Stimulus	S 70
2478.45	0.0004	6196126	Stimulus	S130
2478.5348	0.0004	6196338	Stimulus	S130
2480.6352	0.0004	6201589	Stimulus	S 70
2481.738	0.0004	6204346	Stimulus	S130
2481.8232	0.0004	6204559	Stimulus	S 99
2484.2108	0.0004	6210528	Stimulus	S 70
2486.0948	0.0004	6215238	Stimulus	S130
2486.18	0.0004	6215451	Stimulus	S 99
2488.5632	0.0004	6221409	Stimulus	S 70
2488.8192	0.0004	6222049	Stimulus	S130
2488.9044	0.0004	6222262	Stimulus	S 99
2491.568	0.0004	6228921	Stimulus	S 70
2492.744	0.0004	6231861	Stimulus	S130
2492.8292	0.0004	6232074	Stimulus	S 99
2494.8136	0.0004	6237035	Stimulus	S 70
2495.6984	0.0004	6239247	Stimulus	S130
2495.7836	0.0004	6239460	Stimulus	S 99
2497.2252	0.0004	6243064	Stimulus	S 70
2498.214	0.0004	6245536	Stimulus	S130
2498.2992	0.0004	6245749	Stimulus	S 99
2499.8744	0.0004	6249687	Stimulus	S 70
2500.1352	0.0004	6250339	Stimulus	S130
2500.2204	0.0004	6250552	Stimulus	S 99
2501.6616	0.0004	6254155	Stimulus	S 70
2503.1596	0.0004	6257900	Stimulus	S130
2503.2444	0.0004	6258112	Stimulus	S130
2504.9708	0.0004	6262428	Stimulus	S 70
2506.1428	0.0004	6265358	Stimulus	S130
2506.2276	0.0004	6265570	Stimulus	S 99
2508.6452	0.0004	6271614	Stimulus	S 70
2510.262	0.0004	6275656	Stimulus	S130
2510.3472	0.0004	6275869	Stimulus	S 99
2512.4144	0.0004	6281037	Stimulus	S 70
2512.7644	0.0004	6281912	Stimulus	S130
2512.8496	0.0004	6282125	Stimulus	S 99
2514.3616	0.0004	6285905	Stimulus	S 70
2515.8724	0.0004	6289682	Stimulus	S130
2515.9572	0.0004	6289894	Stimulus	S 99
2517.4632	0.0004	6293659	Stimulus	S 70
2518.9348	0.0004	6297338	Stimulus	S130
2519.02	0.0004	6297551	Stimulus	S 99
2520.7452	0.0004	6301864	Stimulus	S 70
2521.0148	0.0004	6302538	Stimulus	S130
2521.1	0.0004	6302751	Stimulus	S 99
2522.99	0.0004	6307476	Stimulus	S 70
2523.248	0.0004	6308121	Stimulus	S130
2523.3332	0.0004	6308334	Stimulus	S 99
2524.7708	0.0004	6311928	Stimulus	S 70
2526.0948	0.0004	6315238	Stimulus	S130
2526.1796	0.0004	6315450	Stimulus	S 99
2528.928	0.0004	6322321	Stimulus	S 70
2529.378	0.0004	6323446	Stimulus	S130
2529.4628	0.0004	6323658	Stimulus	S 99
2531.7484	0.0004	6329372	Stimulus	S 70
2532.1384	0.0004	6330347	Stimulus	S130
2532.2236	0.0004	6330560	Stimulus	S 99
2534.4116	0.0004	6336030	Stimulus	S 70
2535.2364	0.0004	6338092	Stimulus	S130
2535.3212	0.0004	6338304	Stimulus	S 99
2536.9984	0.0004	6342497	Stimulus	S 70
2538.9424	0.0004	6347357	Stimulus	S130
2539.0272	0.0004	6347569	Stimulus	S 99
2541.36	0.0004	6353401	Stimulus	S 70
2542.7372	0.0004	6356844	Stimulus	S130
2542.822	0.0004	6357056	Stimulus	S 99
2544.8988	0.0004	6362248	Stimulus	S 70
2546.6976	0.0004	6366745	Stimulus	S130
2546.7828	0.0004	6366958	Stimulus	S 99
2549.116	0.0004	6372791	Stimulus	S 70
2550.766	0.0004	6376916	Stimulus	S130
2550.8508	0.0004	6377128	Stimulus	S 99
2553.2868	0.0004	6383218	Stimulus	S 70
2554.5368	0.0004	6386343	Stimulus	S130
2554.6216	0.0004	6386555	Stimulus	S 99
2557.1456	0.0004	6392865	Stimulus	S 70
2558.4488	0.0004	6396123	Stimulus	S130
2558.5336	0.0004	6396335	Stimulus	S 99
2560.3632	0.0004	6400909	Stimulus	S 70
2561.8544	0.0004	6404637	Stimulus	S130
2561.9392	0.0004	6404849	Stimulus	S 99
2564.3032	0.0004	6410759	Stimulus	S 70
2565.144	0.0004	6412861	Stimulus	S130
2565.2292	0.0004	6413074	Stimulus	S 99
2567.486	0.0004	6418716	Stimulus	S 70
2568.716	0.0004	6421791	Stimulus	S130
2568.8008	0.0004	6422003	Stimulus	S 99
2570.7144	0.0004	6426787	Stimulus	S 70
2570.9964	0.0004	6427492	Stimulus	S130
2571.0816	0.0004	6427705	Stimulus	S 99
2573.1036	0.0004	6432760	Stimulus	S 70
2575.1344	0.0004	6437837	Stimulus	S130
2575.2196	0.0004	6438050	Stimulus	S 99
2577.8612	0.0004	6444654	Stimulus	S 70
2579.6944	0.0004	6449237	Stimulus	S130
2579.7792	0.0004	6449449	Stimulus	S 99
2582.1696	0.0004	6455425	Stimulus	S 70
2582.4716	0.0004	6456180	Stimulus	S130
2582.5564	0.0004	6456392	Stimulus	S 99
2585.3784	0.0004	6463447	Stimulus	S 70
2585.7656	0.0004	6464415	Stimulus	S130
2585.8504	0.0004	6464627	Stimulus	S 99
2588.7116	0.0004	6471780	Stimulus	S 70
2590.3104	0.0004	6475777	Stimulus	S130
2590.3956	0.0004	6475990	Stimulus	S 99
2592.078	0.0004	6480196	Stimulus	S 70
2594.1692	0.0004	6485424	Stimulus	S130
2594.254	0.0004	6485636	Stimulus	S 99
2597.094	0.0004	6492736	Stimulus	S 70
2598.392	0.0004	6495981	Stimulus	S130
2598.4772	0.0004	6496194	Stimulus	S 99
2600.5788	0.0004	6501448	Stimulus	S 70
2601.5168	0.0004	6503793	Stimulus	S130
2601.6016	0.0004	6504005	Stimulus	S 99
2604.4484	0.0004	6511122	Stimulus	S 70
2605.5796	0.0004	6513950	Stimulus	S130
2605.6644	0.0004	6514162	Stimulus	S 99
2607.9032	0.0004	6519759	Stimulus	S 70
2608.6864	0.0004	6521717	Stimulus	S130
2608.7712	0.0004	6521929	Stimulus	S 99
2611.2972	0.0004	6528244	Stimulus	S 70
2613.0304	0.0004	6532577	Stimulus	S130
2613.1152	0.0004	6532789	Stimulus	S 99
2615.0696	0.0004	6537675	Stimulus	S 70
2616.3416	0.0004	6540855	Stimulus	S130
2616.4268	0.0004	6541068	Stimulus	S 99
2619.016	0.0004	6547541	Stimulus	S 70
2620.0892	0.0004	6550224	Stimulus	S130
2620.174	0.0004	6550436	Stimulus	S 99
2622.6072	0.0004	6556519	Stimulus	S 70
2623.8752	0.0004	6559689	Stimulus	S130
2623.9604	0.0004	6559902	Stimulus	S 99
2626.634	0.0004	6566586	Stimulus	S 70
2627.966	0.0004	6569916	Stimulus	S130
2628.0508	0.0004	6570128	Stimulus	S 99
2629.6244	0.0004	6574062	Stimulus	S 70
2629.9644	0.0004	6574912	Stimulus	S130
2630.0496	0.0004	6575125	Stimulus	S 99
2631.6496	0.0004	6579125	Stimulus	S 70
2632.7844	0.0004	6581962	Stimulus	S130
2632.8696	0.0004	6582175	Stimulus	S 99
2635.6872	0.0004	6589219	Stimulus	S 70
2637.456	0.0004	6593641	Stimulus	S130
2637.5412	0.0004	6593854	Stimulus	S 99
2639.9052	0.0004	6599764	Stimulus	S 70
2640.822	0.0004	6602056	Stimulus	S130
2640.9072	0.0004	6602269	Stimulus	S 99
2643.642	0.0004	6609106	Stimulus	S 70
2644.3608	0.0004	6610903	Stimulus	S130
2644.446	0.0004	6611116	Stimulus	S 99
2691.0212	0.0004	6727554	Stimulus	S  1
2693.0836	0.0004	6732710	Stimulus	S 70
2694.1836	0.0004	6735460	Stimulus	S130
2694.2684	0.0004	6735672	Stimulus	S 99
2695.7116	0.0004	6739280	Stimulus	S 70
2696.8116	0.0004	6742030	Stimulus	S130
2696.8968	0.0004	6742243	Stimulus	S 99
2699.5928	0.0004	6748983	Stimulus	S 70
2700.6928	0.0004	6751733	Stimulus	S130
2700.7776	0.0004	6751945	Stimulus	S 99
2703.102	0.0004	6757756	Stimulus	S 70
2704.202	0.0004	6760506	Stimulus	S130
2704.2868	0.0004	6760718	Stimulus	S 99
2707.1932	0.0004	6767984	Stimulus	S 70
2708.2932	0.0004	6770734	Stimulus	S130
2708.378	0.0004	6770946	Stimulus	S 99
2710.5036	0.0004	6776260	Stimulus	S 70
2711.6036	0.0004	6779010	Stimulus	S130
2711.6884	0.0004	6779222	Stimulus	S 99
2714.4384	0.0004	6786097	Stimulus	S 70
2715.5384	0.0004	6788847	Stimulus	S130
2715.6232	0.0004	6789059	Stimulus	S 99
2718.0396	0.0004	6795100	Stimulus	S 70
2719.1392	0.0004	6797849	Stimulus	S130
2719.2244	0.0004	6798062	Stimulus	S 99
2720.8324	0.0004	6802082	Stimulus	S 70
2721.9324	0.0004	6804832	Stimulus	S130
2722.0172	0.0004	6805044	Stimulus	S 99
2724.6452	0.0004	6811614	Stimulus	S 70
2725.7452	0.0004	6814364	Stimulus	S130
2725.8304	0.0004	6814577	Stimulus	S130
2728.0752	0.0004	6820189	Stimulus	S 70
2729.1752	0.0004	6822939	Stimulus	S130
2729.26	0.0004	6823151	Stimulus	S130
2730.7992	0.0004	6826999	Stimulus	S 70
2731.8992	0.0004	6829749	Stimulus	S130
2731.984	0.0004	6829961	Stimulus	S 99
2733.4992	0.0004	6833749	Stimulus	S 70
2734.5992	0.0004	6836499	Stimulus	S130
2734.684	0.0004	6836711	Stimulus	S 99
2736.9252	0.0004	6842314	Stimulus	S 70
2738.0252	0.0004	6845064	Stimulus	S130
2738.11	0.0004	6845276	Stimulus	S 99
2740.3176	0.0004	6850795	Stimulus	S 70
2741.4176	0.0004	6853545	Stimulus	S130
2741.5028	0.0004	6853758	Stimulus	S 99
2743.6204	0.0004	6859052	Stimulus	S 70
2744.7204	0.0004	6861802	Stimulus	S130
2744.8052	0.0004	6862014	Stimulus	S 99
2747.3912	0.0004	6868479	Stimulus	S 70
2748.4912	0.0004	6871229	Stimulus	S130
2748.576	0.0004	6871441	Stimulus	S 99
2750.396	0.0004	6875991	Stimulus	S 70
2751.496	0.0004	6878741	Stimulus	S130
2751.5812	0.0004	6878954	Stimulus	S 99
2753.4092	0.0004	6883524	Stimulus	S 70
2754.5092	0.0004	6886274	Stimulus	S130
2754.594	0.0004	6886486	Stimulus	S 99
2756.332	0.0004	6890831	Stimulus	S 70
2757.432	0.0004	6893581	Stimulus	S130
2757.5168	0.0004	6893793	Stimulus	S 99
2760.098	0.0004	6900246	Stimulus	S 70
2761.198	0.0004	6902996	Stimulus	S130
2761.2832	0.0004	6903209	Stimulus	S 99
2763.8824	0.0004	6909707	Stimulus	S 70
2764.9824	0.0004	6912457	Stimulus	S130
2765.0672	0.0004	6912669	Stimulus	S130
2766.8936	0.0004	6917235	Stimulus	S 70
2767.9936	0.0004	6919985	Stimulus	S130
2768.0788	0.0004	6920198	Stimulus	S 99
2770.118	0.0004	6925296	Stimulus	S 70
2771.218	0.0004	6928046	Stimulus	S130
2771.3028	0.0004	6928258	Stimulus	S 99
2773.1672	0.0004	6932919	Stimulus	S 70
2774.2672	0.0004	6935669	Stimulus	S130
2774.352	0.0004	6935881	Stimulus	S 99
2777.1048	0.0004	6942763	Stimulus	S 70
2778.2048	0.0004	6945513	Stimulus	S130
2778.29	0.0004	6945726	Stimulus	S 99
2781.2016	0.0004	6953005	Stimulus	S 70
2782.3016	0.0004	6955755	Stimulus	S130
2782.3868	0.0004	6955968	Stimulus	S 99
2784.7816	0.0004	6961955	Stimulus	S 70
2785.8816	0.0004	6964705	Stimulus	S130
2785.9668	0.0004	6964918	Stimulus	S 99
2788.4072	0.0004	6971019	Stimulus	S 70
2789.5072	0.0004	6973769	Stimulus	S130
2789.592	0.0004	6973981	Stimulus	S 99
2792.2284	0.0004	6980572	Stimulus	S 70
2793.3284	0.0004	6983322	Stimulus	S130
2793.4132	0.0004	6983534	Stimulus	S 99
2796.0348	0.0004	6990088	Stimulus	S 70
2797.1348	0.0004	6992838	Stimulus	S130
2797.22	0.0004	6993051	Stimulus	S 99
2798.8168	0.0004	6997043	Stimulus	S 70
2799.9168	0.0004	6999793	Stimulus	S130
2800.0016	0.0004	7000005	Stimulus	S 99
2802.4276	0.0004	7006070	Stimulus	S 70
2803.5276	0.0004	7008820	Stimulus	S130
2803.6128	0.0004	7009033	Stimulus	S 99
2805.9848	0.0004	7014963	Stimulus	S 70
2807.0848	0.0004	7017713	Stimulus	S130
2807.1696	0.0004	7017925	Stimulus	S 99
2809.8028	0.0004	7024508	Stimulus	S 70
2810.9028	0.0004	7027258	Stimulus	S130
2810.988	0.0004	7027471	Stimulus	S 99
2812.8824	0.0004	7032207	Stimulus	S 70
2813.9824	0.0004	7034957	Stimulus	S130
2814.0672	0.0004	7035169	Stimulus	S 99
2816.8612	0.0004	7042154	Stimulus	S 70
2817.9612	0.0004	7044904	Stimulus	S130
2818.0464	0.0004	7045117	Stimulus	S 99
2819.95	0.0004	7049876	Stimulus	S 70
2821.05	0.0004	7052626	Stimulus	S130
2821.1348	0.0004	7052838	Stimulus	S 99
2823.2464	0.0004	7058117	Stimulus	S 70
2824.3464	0.0004	7060867	Stimulus	S130
2824.4312	0.0004	7061079	Stimulus	S 99
2826.3444	0.0004	7065862	Stimulus	S 70
2827.4444	0.0004	7068612	Stimulus	S130
2827.5296	0.0004	7068825	Stimulus	S 99
2829.3472	0.0004	7073369	Stimulus	S 70
2830.4472	0.0004	7076119	Stimulus	S130
2830.5324	0.0004	7076332	Stimulus	S 99
2832.8912	0.0004	7082229	Stimulus	S 70
2833.9912	0.0004	7084979	Stimulus	S130
2834.076	0.0004	7085191	Stimulus	S 99
2836.484	0.0004	7091211	Stimulus	S 70
2837.584	0.0004	7093961	Stimulus	S130
2837.6688	0.0004	7094173	Stimulus	S 99
2840.0588	0.0004	7100148	Stimulus	S 70
2841.1588	0.0004	7102898	Stimulus	S130
2841.2436	0.0004	7103110	Stimulus	S 99
2843.838	0.0004	7109596	Stimulus	S 70
2844.9376	0.0004	7112345	Stimulus	S130
2845.0228	0.0004	7112558	Stimulus	S 99
2847.3276	0.0004	7118320	Stimulus	S 70
2848.4276	0.0004	7121070	Stimulus	S130
2848.5128	0.0004	7121283	Stimulus	S 99
2851.0484	0.0004	7127622	Stimulus	S 70
2852.1484	0.0004	7130372	Stimulus	S130
2852.2336	0.0004	7130585	Stimulus	S 99
2854.8284	0.0004	7137072	Stimulus	S 70
2855.9284	0.0004	7139822	Stimulus	S130
2856.0132	0.0004	7140034	Stimulus	S 99
2858.922	0.0004	7147306	Stimulus	S 70
2860.022	0.0004	7150056	Stimulus	S130
2860.1072	0.0004	7150269	Stimulus	S 99
2862.5812	0.0004	7156454	Stimulus	S 70
2863.6812	0.0004	7159204	Stimulus	S130
2863.766	0.0004	7159416	Stimulus	S 99
2866.5192	0.0004	7166299	Stimulus	S 70
2867.6192	0.0004	7169049	Stimulus	S130
2867.704	0.0004	7169261	Stimulus	S130
2869.1372	0.0004	7172844	Stimulus	S 70
2870.2372	0.0004	7175594	Stimulus	S130
2870.3224	0.0004	7175807	Stimulus	S130
2872.5912	0.0004	7181479	Stimulus	S 70
2873.6912	0.0004	7184229	Stimulus	S130
2873.776	0.0004	7184441	Stimulus	S 99
2876.6	0.0004	7191501	Stimulus	S 70
2877.7	0.0004	7194251	Stimulus	S130
2877.7848	0.0004	7194463	Stimulus	S 99
2880.2012	0.0004	7200504	Stimulus	S 70
2881.3012	0.0004	7203254	Stimulus	S130
2881.3864	0.0004	7203467	Stimulus	S 99
2882.994	0.0004	7207486	Stimulus	S 70
2884.094	0.0004	7210236	Stimulus	S130
2884.1788	0.0004	7210448	Stimulus	S 99
2886.4816	0.0004	7216205	Stimulus	S 70
2887.5816	0.0004	7218955	Stimulus	S130
2887.6668	0.0004	7219168	Stimulus	S 99
2890.4876	0.0004	7226220	Stimulus	S 70
2891.5876	0.0004	7228970	Stimulus	S130
2891.6724	0.0004	7229182	Stimulus	S 99
2893.2836	0.0004	7233210	Stimulus	S 70
2894.3836	0.0004	7235960	Stimulus	S130
2894.4684	0.0004	7236172	Stimulus	S 99
2896.9624	0.0004	7242407	Stimulus	S 70
2898.062	0.0004	7245156	Stimulus	S130
2898.1472	0.0004	7245369	Stimulus	S 99
2900.2544	0.0004	7250637	Stimulus	S 70
2901.3544	0.0004	7253387	Stimulus	S130
2901.4396	0.0004	7253600	Stimulus	S 99
2903.7612	0.0004	7259404	Stimulus	S 70
2904.8612	0.0004	7262154	Stimulus	S130
2904.946	0.0004	7262366	Stimulus	S 99
2906.9956	0.0004	7267490	Stimulus	S 70
2908.0952	0.0004	7270239	Stimulus	S130
2908.1804	0.0004	7270452	Stimulus	S 99
2910.3368	0.0004	7275843	Stimulus	S 70
2911.4368	0.0004	7278593	Stimulus	S130
2911.522	0.0004	7278806	Stimulus	S 99
2913.0376	0.0004	7282595	Stimulus	S 70
2914.1376	0.0004	7285345	Stimulus	S130
2914.2224	0.0004	7285557	Stimulus	S 99
2916.9276	0.0004	7292320	Stimulus	S 70
2918.0276	0.0004	7295070	Stimulus	S130
2918.1124	0.0004	7295282	Stimulus	S 99
2920.09	0.0004	7300226	Stimulus	S 70
2921.19	0.0004	7302976	Stimulus	S130
2921.2752	0.0004	7303189	Stimulus	S 99
2923.6884	0.0004	7309222	Stimulus	S 70
2924.7884	0.0004	7311972	Stimulus	S130
2924.8736	0.0004	7312185	Stimulus	S 99
2927.1432	0.0004	7317859	Stimulus	S 70
2928.2432	0.0004	7320609	Stimulus	S130
2928.328	0.0004	7320821	Stimulus	S 99
2930.9232	0.0004	7327309	Stimulus	S 70
2932.0232	0.0004	7330059	Stimulus	S130
2932.108	0.0004	7330271	Stimulus	S 99
2933.6388	0.0004	7334098	Stimulus	S 70
2934.7388	0.0004	7336848	Stimulus	S130
2934.824	0.0004	7337061	Stimulus	S 99
2937.1188	0.0004	7342798	Stimulus	S 70
2938.2188	0.0004	7345548	Stimulus	S130
2938.3036	0.0004	7345760	Stimulus	S 99
2939.734	0.0004	7349336	Stimulus	S 70
2940.834	0.0004	7352086	Stimulus	S130
2940.9188	0.0004	7352298	Stimulus	S 99
2943.5328	0.0004	7358833	Stimulus	S 70
2944.6328	0.0004	7361583	Stimulus	S130
2944.7176	0.0004	7361795	Stimulus	S 99
2947.3684	0.0004	7368422	Stimulus	S 70
2948.4684	0.0004	7371172	Stimulus	S130
2948.5532	0.0004	7371384	Stimulus	S 99
2950.9196	0.0004	7377300	Stimulus	S 70
2952.0196	0.0004	7380050	Stimulus	S130
2952.1044	0.0004	7380262	Stimulus	S 99
2954.6012	0.0004	7386504	Stimulus	S 70
2955.7012	0.0004	7389254	Stimulus	S130
2955.786	0.0004	7389466	Stimulus	S 99
2958.0588	0.0004	7395148	Stimulus	S 70
2959.1588	0.0004	7397898	Stimulus	S130
2959.244	0.0004	7398111	Stimulus	S 99
2962.0872	0.0004	7405219	Stimulus	S 70
2963.1872	0.0004	7407969	Stimulus	S130
2963.272	0.0004	7408181	Stimulus	S 99
2965.252	0.0004	7413131	Stimulus	S 70
2966.352	0.0004	7415881	Stimulus	S130
2966.4372	0.0004	7416094	Stimulus	S 99
2969.0196	0.0004	7422550	Stimulus	S 70
2970.1196	0.0004	7425300	Stimulus	S130
2970.2044	0.0004	7425512	Stimulus	S 99
2973.002	0.0004	7432506	Stimulus	S 70
2974.102	0.0004	7435256	Stimulus	S130
2974.1868	0.0004	7435468	Stimulus	S 99
2976.818	0.0004	7442046	Stimulus	S 70
2977.918	0.0004	7444796	Stimulus	S130
2978.0028	0.0004	7445008	Stimulus	S 99
2979.9084	0.0004	7449772	Stimulus	S 70
2981.0084	0.0004	7452522	Stimulus	S130
2981.0932	0.0004	7452734	Stimulus	S 99
2983.6756	0.0004	7459190	Stimulus	S 70
2984.7756	0.0004	7461940	Stimulus	S130
2984.8608	0.0004	7462153	Stimulus	S 99
2986.7564	0.0004	7466892	Stimulus	S 70
2987.8564	0.0004	7469642	Stimulus	S130
2987.9412	0.0004	7469854	Stimulus	S 99
2989.4512	0.0004	7473629	Stimulus	S 70
2990.5512	0.0004	7476379	Stimulus	S130
2990.636	0.0004	7476591	Stimulus	S 99
2992.6372	0.0004	7481594	Stimulus	S 70
2993.7372	0.0004	7484344	Stimulus	S130
2993.822	0.0004	7484556	Stimulus	S 99
2995.5052	0.0004	7488764	Stimulus	S 70
2996.6052	0.0004	7491514	Stimulus	S130
2996.69	0.0004	7491726	Stimulus	S 99
2998.5464	0.0004	7496367	Stimulus	S 70
2999.6464	0.0004	7499117	Stimulus	S130
2999.7316	0.0004	7499330	Stimulus	S 99
3001.6512	0.0004	7504129	Stimulus	S 70
3002.7512	0.0004	7506879	Stimulus	S130
3002.836	0.0004	7507091	Stimulus	S 99
3005.6024	0.0004	7514007	Stimulus	S 70
3006.7024	0.0004	7516757	Stimulus	S130
3006.7876	0.0004	7516970	Stimulus	S 99
3009.1296	0.0004	7522825	Stimulus	S 70
3010.2296	0.0004	7525575	Stimulus	S130
3010.3144	0.0004	7525787	Stimulus	S 99
3012.4396	0.0004	7531100	Stimulus	S 70
3013.5396	0.0004	7533850	Stimulus	S130
3013.6248	0.0004	7534063	Stimulus	S 99
3015.5844	0.0004	7538962	Stimulus	S 70
3016.6844	0.0004	7541712	Stimulus	S130
3016.7692	0.0004	7541924	Stimulus	S 99
3018.2032	0.0004	7545509	Stimulus	S 70
3019.3032	0.0004	7548259	Stimulus	S130
3019.3884	0.0004	7548472	Stimulus	S 99
3021.8468	0.0004	7554618	Stimulus	S 70
3022.9464	0.0004	7557367	Stimulus	S130
3023.0316	0.0004	7557580	Stimulus	S 99
3025.6832	0.0004	7564209	Stimulus	S 70
3026.7832	0.0004	7566959	Stimulus	S130
3026.8684	0.0004	7567172	Stimulus	S 99
3029.0636	0.0004	7572660	Stimulus	S 70
3030.1636	0.0004	7575410	Stimulus	S130
3030.2488	0.0004	7575623	Stimulus	S 99
3031.684	0.0004	7579211	Stimulus	S 70
3032.784	0.0004	7581961	Stimulus	S130
3032.8688	0.0004	7582173	Stimulus	S 99
3060.002	0.0004	7650006	Stimulus	S  1
3061.5788	0.0004	7653948	Stimulus	S 70
3063.1744	0.0004	7657937	Stimulus	S130
3063.2596	0.0004	7658150	Stimulus	S 99
3065.1948	0.0004	7662988	Stimulus	S 70
3065.6596	0.0004	7664150	Stimulus	S130
3065.7448	0.0004	7664363	Stimulus	S 99
3067.7552	0.0004	7669389	Stimulus	S 70
3069.2692	0.0004	7673174	Stimulus	S130
3069.354	0.0004	7673386	Stimulus	S 99
3071.0596	0.0004	7677650	Stimulus	S 70
3071.5116	0.0004	7678780	Stimulus	S130
3071.5964	0.0004	7678992	Stimulus	S 99
3073.574	0.0004	7683936	Stimulus	S 70
3074.214	0.0004	7685536	Stimulus	S130
3074.2992	0.0004	7685749	Stimulus	S 99
3076.4052	0.0004	7691014	Stimulus	S 70
3078.042	0.0004	7695106	Stimulus	S130
3078.1268	0.0004	7695318	Stimulus	S 99
3080.7672	0.0004	7701919	Stimulus	S 70
3082.374	0.0004	7705936	Stimulus	S130
3082.4592	0.0004	7706149	Stimulus	S 99
3085.3464	0.0004	7713367	Stimulus	S 70
3086.6524	0.0004	7716632	Stimulus	S130
3086.7376	0.0004	7716845	Stimulus	S 99
3089.4572	0.0004	7723644	Stimulus	S 70
3091.0332	0.0004	7727584	Stimulus	S130
3091.118	0.0004	7727796	Stimulus	S 99
3093.7348	0.0004	7734338	Stimulus	S 70
3095.8028	0.0004	7739508	Stimulus	S130
3095.8876	0.0004	7739720	Stimulus	S 99
3097.6108	0.0004	7744028	Stimulus	S 70
3098.6848	0.0004	7746713	Stimulus	S130
3098.7696	0.0004	7746925	Stimulus	S 99
3101.182	0.0004	7752956	Stimulus	S 70
3101.8148	0.0004	7754538	Stimulus	S130
3101.9	0.0004	7754751	Stimulus	S 99
3104.3072	0.0004	7760769	Stimulus	S 70
3105.928	0.0004	7764821	Stimulus	S130
3106.0132	0.0004	7765034	Stimulus	S 99
3108.032	0.0004	7770081	Stimulus	S 70
3108.3932	0.0004	7770984	Stimulus	S130
3108.478	0.0004	7771196	Stimulus	S 99
3110.9652	0.0004	7777414	Stimulus	S 70
3111.9644	0.0004	7779912	Stimulus	S130
3112.0492	0.0004	7780124	Stimulus	S 99
3113.6372	0.0004	7784094	Stimulus	S 70
3114.4712	0.0004	7786179	Stimulus	S130
3114.5564	0.0004	7786392	Stimulus	S 99
3116.7828	0.0004	7791958	Stimulus	S 70
3117.2628	0.0004	7793158	Stimulus	S130
3117.3476	0.0004	7793370	Stimulus	S 99
3119.8544	0.0004	7799637	Stimulus	S 70
3121.6252	0.0004	7804064	Stimulus	S130
3121.7104	0.0004	7804277	Stimulus	S 99
3123.6552	0.0004	7809139	Stimulus	S 70
3124.7372	0.0004	7811844	Stimulus	S130
3124.822	0.0004	7812056	Stimulus	S 99
3126.344	0.0004	7815861	Stimulus	S 70
3127.1828	0.0004	7817958	Stimulus	S130
3127.2676	0.0004	7818170	Stimulus	S 99
3129.274	0.0004	7823186	Stimulus	S 70
3130.5148	0.0004	7826288	Stimulus	S130
3130.6	0.0004	7826501	Stimulus	S 99
3132.0388	0.0004	7830098	Stimulus	S 70
3133.7348	0.0004	7834338	Stimulus	S130
3133.8196	0.0004	7834550	Stimulus	S130
3135.9004	0.0004	7839752	Stimulus	S 70
3137.6692	0.0004	7844174	Stimulus	S130
3137.7544	0.0004	7844387	Stimulus	S 99
3139.4844	0.0004	7848712	Stimulus	S 70
3140.9984	0.0004	7852497	Stimulus	S130
3141.0836	0.0004	7852710	Stimulus	S 99
3143.7868	0.0004	7859468	Stimulus	S 70
3145.1668	0.0004	7862918	Stimulus	S130
3145.2516	0.0004	7863130	Stimulus	S 99
3146.8008	0.0004	7867003	Stimulus	S 70
3147.4808	0.0004	7868703	Stimulus	S130
3147.5656	0.0004	7868915	Stimulus	S 99
3149.812	0.0004	7874531	Stimulus	S 70
3150.8568	0.0004	7877143	Stimulus	S130
3150.942	0.0004	7877356	Stimulus	S 99
3153.7268	0.0004	7884318	Stimulus	S 70
3154.0196	0.0004	7885050	Stimulus	S130
3154.1048	0.0004	7885263	Stimulus	S 99
3156.284	0.0004	7890711	Stimulus	S 70
3157.5552	0.0004	7893889	Stimulus	S130
3157.64	0.0004	7894101	Stimulus	S 99
3160.1528	0.0004	7900383	Stimulus	S 70
3161.084	0.0004	7902711	Stimulus	S130
3161.1688	0.0004	7902923	Stimulus	S 99
3163.916	0.0004	7909791	Stimulus	S 70
3164.674	0.0004	7911686	Stimulus	S130
3164.7588	0.0004	7911898	Stimulus	S 99
3166.5116	0.0004	7916280	Stimulus	S 70
3167.1056	0.0004	7917765	Stimulus	S130
3167.1904	0.0004	7917977	Stimulus	S 99
3169.7584	0.0004	7924397	Stimulus	S 70
3169.8716	0.0004	7924680	Stimulus	S130
3169.9564	0.0004	7924892	Stimulus	S 99
3171.5576	0.0004	7928895	Stimulus	S 70
3172.6224	0.0004	7931557	Stimulus	S130
3172.7076	0.0004	7931770	Stimulus	S 99
3175.3064	0.0004	7938267	Stimulus	S 70
3176.5676	0.0004	7941420	Stimulus	S130
3176.6524	0.0004	7941632	Stimulus	S 99
3178.9132	0.0004	7947284	Stimulus	S 70
3179.174	0.0004	7947936	Stimulus	S130
3179.2592	0.0004	7948149	Stimulus	S 99
3181.6816	0.0004	7954205	Stimulus	S 70
3183.2136	0.0004	7958035	Stimulus	S130
3183.2988	0.0004	7958248	Stimulus	S130
3185.9316	0.0004	7964830	Stimulus	S 70
3187.4224	0.0004	7968557	Stimulus	S130
3187.5076	0.0004	7968770	Stimulus	S 99
3189.7424	0.0004	7974357	Stimulus	S 70
3190.8352	0.0004	7977089	Stimulus	S130
3190.9204	0.0004	7977302	Stimulus	S 99
3193.2508	0.0004	7983128	Stimulus	S 70
3194.902	0.0004	7987256	Stimulus	S130
3194.9868	0.0004	7987468	Stimulus	S 99
3196.6304	0.0004	7991577	Stimulus	S 70
3196.9004	0.0004	7992252	Stimulus	S130
3196.9856	0.0004	7992465	Stimulus	S 99
3199.7728	0.0004	7999433	Stimulus	S 70
3201.5568	0.0004	8003893	Stimulus	S130
3201.642	0.0004	8004106	Stimulus	S 99
3204.1776	0.0004	8010445	Stimulus	S 70
3205.0276	0.0004	8012570	Stimulus	S130
3205.1128	0.0004	8012783	Stimulus	S 99
3207.7272	0.0004	8019319	Stimulus	S 70
3209.5508	0.0004	8023878	Stimulus	S130
3209.636	0.0004	8024091	Stimulus	S 99
3211.8276	0.0004	8029570	Stimulus	S 70
3213.1144	0.0004	8032787	Stimulus	S130
3213.1996	0.0004	8033000	Stimulus	S 99
3215.2828	0.0004	8038208	Stimulus	S 70
3216.7636	0.0004	8041910	Stimulus	S130
3216.8484	0.0004	8042122	Stimulus	S 99
3218.9	0.0004	8047251	Stimulus	S 70
3219.8172	0.0004	8049544	Stimulus	S130
3219.902	0.0004	8049756	Stimulus	S 99
3221.7176	0.0004	8054295	Stimulus	S 70
3222.9836	0.0004	8057460	Stimulus	S130
3223.0684	0.0004	8057672	Stimulus	S 99
3224.632	0.0004	8061581	Stimulus	S 70
3225.0628	0.0004	8062658	Stimulus	S130
3225.148	0.0004	8062871	Stimulus	S 99
3228.0408	0.0004	8070103	Stimulus	S 70
3228.9048	0.0004	8072263	Stimulus	S130
3228.9896	0.0004	8072475	Stimulus	S130
3231.2904	0.0004	8078227	Stimulus	S 70
3232.5556	0.0004	8081390	Stimulus	S130
3232.6404	0.0004	8081602	Stimulus	S 99
3234.9632	0.0004	8087409	Stimulus	S 70
3236.1412	0.0004	8090354	Stimulus	S130
3236.226	0.0004	8090566	Stimulus	S 99
3238.7488	0.0004	8096873	Stimulus	S 70
3240.786	0.0004	8101966	Stimulus	S130
3240.8708	0.0004	8102178	Stimulus	S 99
3243.1504	0.0004	8107877	Stimulus	S 70
3244.6112	0.0004	8111529	Stimulus	S130
3244.696	0.0004	8111741	Stimulus	S 99
3246.7036	0.0004	8116760	Stimulus	S 70
3248.5616	0.0004	8121405	Stimulus	S130
3248.6464	0.0004	8121617	Stimulus	S 99
3251.0992	0.0004	8127749	Stimulus	S 70
3252.464	0.0004	8131161	Stimulus	S130
3252.5492	0.0004	8131374	Stimulus	S 99
3254.5672	0.0004	8136419	Stimulus	S 70
3255.0412	0.0004	8137604	Stimulus	S130
3255.126	0.0004	8137816	Stimulus	S 99
3257.1952	0.0004	8142989	Stimulus	S 70
3259.0472	0.0004	8147619	Stimulus	S130
3259.132	0.0004	8147831	Stimulus	S 99
3261.0472	0.0004	8152619	Stimulus	S 70
3262.248	0.0004	8155621	Stimulus	S130
3262.3332	0.0004	8155834	Stimulus	S 99
3264.6988	0.0004	8161748	Stimulus	S 70
3266.4016	0.0004	8166005	Stimulus	S130
3266.4868	0.0004	8166218	Stimulus	S 99
3269.27	0.0004	8173176	Stimulus	S 70
3269.616	0.0004	8174041	Stimulus	S130
3269.7008	0.0004	8174253	Stimulus	S 99
3271.7428	0.0004	8179358	Stimulus	S 70
3272.236	0.0004	8180591	Stimulus	S130
3272.3208	0.0004	8180803	Stimulus	S 99
3273.9268	0.0004	8184818	Stimulus	S 70
3275.1256	0.0004	8187815	Stimulus	S130
3275.2108	0.0004	8188028	Stimulus	S 99
3277.1944	0.0004	8192987	Stimulus	S 70
3277.5692	0.0004	8193924	Stimulus	S130
3277.6544	0.0004	8194137	Stimulus	S 99
3280.1204	0.0004	8200302	Stimulus	S 70
3280.5812	0.0004	8201454	Stimulus	S130
3280.6664	0.0004	8201667	Stimulus	S 99
3282.3392	0.0004	8205849	Stimulus	S 70
3282.8352	0.0004	8207089	Stimulus	S130
3282.92	0.0004	8207301	Stimulus	S 99
3285.76	0.0004	8214401	Stimulus	S 70
3287.3372	0.0004	8218344	Stimulus	S130
3287.422	0.0004	8218556	Stimulus	S 99
3290.296	0.0004	8225741	Stimulus	S 70
3290.578	0.0004	8226446	Stimulus	S130
3290.6628	0.0004	8226658	Stimulus	S 99
3292.188	0.0004	8230471	Stimulus	S 70
3293.5352	0.0004	8233839	Stimulus	S130
3293.62	0.0004	8234051	Stimulus	S 99
3295.286	0.0004	8238216	Stimulus	S 70
3295.562	0.0004	8238906	Stimulus	S130
3295.6472	0.0004	8239119	Stimulus	S130
3297.972	0.0004	8244931	Stimulus	S 70
3299.0348	0.0004	8247588	Stimulus	S130
3299.12	0.0004	8247801	Stimulus	S 99
3301.2196	0.0004	8253050	Stimulus	S 70
3301.5176	0.0004	8253795	Stimulus	S130
3301.6024	0.0004	8254007	Stimulus	S 99
3303.5604	0.0004	8258902	Stimulus	S 70
3304.3396	0.0004	8260850	Stimulus	S130
3304.4244	0.0004	8261062	Stimulus	S 99
3305.8568	0.0004	8264643	Stimulus	S 70
3306.1948	0.0004	8265488	Stimulus	S130
3306.28	0.0004	8265701	Stimulus	S 99
3308.5636	0.0004	8271410	Stimulus	S 70
3309.4244	0.0004	8273562	Stimulus	S130
3309.5096	0.0004	8273775	Stimulus	S 99
3312.2916	0.0004	8280730	Stimulus	S 70
3314.2284	0.0004	8285572	Stimulus	S130
3314.3132	0.0004	8285784	Stimulus	S 99
3316.7344	0.0004	8291837	Stimulus	S 70
3317.962	0.0004	8294906	Stimulus	S130
3318.0472	0.0004	8295119	Stimulus	S130
3320.2868	0.0004	8300718	Stimulus	S 70
3321.7128	0.0004	8304283	Stimulus	S130
3321.798	0.0004	8304496	Stimulus	S 99
3324.4136	0.0004	8311035	Stimulus	S 70
3325.9256	0.0004	8314815	Stimulus	S130
3326.0104	0.0004	8315027	Stimulus	S 99
3328.0368	0.0004	8320093	Stimulus	S 70
3329.3468	0.0004	8323368	Stimulus	S130
3329.432	0.0004	8323581	Stimulus	S 99
3331.7776	0.0004	8329445	Stimulus	S 70
3332.4316	0.0004	8331080	Stimulus	S130
3332.5164	0.0004	8331292	Stimulus	S 99
3334.3304	0.0004	8335827	Stimulus	S 70
3335.5016	0.0004	8338755	Stimulus	S130
3335.5864	0.0004	8338967	Stimulus	S 99
3337.802	0.0004	8344506	Stimulus	S 70
3339.0616	0.0004	8347655	Stimulus	S130
3339.1468	0.0004	8347868	Stimulus	S 99
3341.356	0.0004	8353391	Stimulus	S 70
3342.4808	0.0004	8356203	Stimulus	S130
3342.566	0.0004	8356416	Stimulus	S 99
3344.5208	0.0004	8361303	Stimulus	S 70
3346.598	0.0004	8366496	Stimulus	S130
3346.6828	0.0004	8366708	Stimulus	S 99
3348.3296	0.0004	8370825	Stimulus	S 70
3348.5568	0.0004	8371393	Stimulus	S130
3348.6416	0.0004	8371605	Stimulus	S 99
3350.646	0.0004	8376616	Stimulus	S 70
3351.1852	0.0004	8377964	Stimulus	S130
3351.27	0.0004	8378176	Stimulus	S 99
3352.8656	0.0004	8382165	Stimulus	S 70
3353.9096	0.0004	8384775	Stimulus	S130
3353.9944	0.0004	8384987	Stimulus	S 99
3356.7004	0.0004	8391752	Stimulus	S 70
3358.2532	0.0004	8395634	Stimulus	S130
3358.338	0.0004	8395846	Stimulus	S 99
3360.634	0.0004	8401586	Stimulus	S 70
3362.0792	0.0004	8405199	Stimulus	S130
3362.164	0.0004	8405411	Stimulus	S 99
3365.074	0.0004	8412686	Stimulus	S 70
3366.2228	0.0004	8415558	Stimulus	S130
3366.308	0.0004	8415771	Stimulus	S 99
3369.0868	0.0004	8422718	Stimulus	S 70
3370.4344	0.0004	8426087	Stimulus	S130
3370.5196	0.0004	8426300	Stimulus	S 99
3371.942	0.0004	8429856	Stimulus	S 70
3372.4828	0.0004	8431208	Stimulus	S130
3372.568	0.0004	8431421	Stimulus	S 99
3375.3736	0.0004	8438435	Stimulus	S 70
3377.0216	0.0004	8442555	Stimulus	S130
3377.1064	0.0004	8442767	Stimulus	S 99
3379.4868	0.0004	8448718	Stimulus	S 70
3381.4816	0.0004	8453705	Stimulus	S130
3381.5668	0.0004	8453918	Stimulus	S 99
3383.1116	0.0004	8457780	Stimulus	S 70
3384.3128	0.0004	8460783	Stimulus	S130
3384.3976	0.0004	8460995	Stimulus	S 99
3387.2224	0.0004	8468057	Stimulus	S 70
3387.6336	0.0004	8469085	Stimulus	S130
3387.7184	0.0004	8469297	Stimulus	S 99
3389.5372	0.0004	8473844	Stimulus	S 70
3390.114	0.0004	8475286	Stimulus	S130
3390.1992	0.0004	8475499	Stimulus	S 99
3392.706	0.0004	8481766	Stimulus	S 70
3393.1112	0.0004	8482779	Stimulus	S130
3393.196	0.0004	8482991	Stimulus	S130
3395.1992	0.0004	8487999	Stimulus	S 70
3396.2492	0.0004	8490624	Stimulus	S130
3396.334	0.0004	8490836	Stimulus	S 99
3425.2388	0.0004	8563098	Stimulus	S  1
3427.5736	0.0004	8568935	Stimulus	S 70
3428.6736	0.0004	8571685	Stimulus	S130
3428.7584	0.0004	8571897	Stimulus	S 99
3431.524	0.0004	8578811	Stimulus	S 70
3432.624	0.0004	8581561	Stimulus	S130
3432.7092	0.0004	8581774	Stimulus	S 99
3434.5236	0.0004	8586310	Stimulus	S 70
3435.6232	0.0004	8589059	Stimulus	S130
3435.7084	0.0004	8589272	Stimulus	S 99
3438.4076	0.0004	8596020	Stimulus	S 70
3439.5076	0.0004	8598770	Stimulus	S130
3439.5928	0.0004	8598983	Stimulus	S 99
3442.2096	0.0004	8605525	Stimulus	S 70
3443.3092	0.0004	8608274	Stimulus	S130
3443.3944	0.0004	8608487	Stimulus	S 99
3445.2884	0.0004	8613222	Stimulus	S 70
3446.3884	0.0004	8615972	Stimulus	S130
3446.4736	0.0004	8616185	Stimulus	S 99
3448.7952	0.0004	8621989	Stimulus	S 70
3449.8952	0.0004	8624739	Stimulus	S130
3449.98	0.0004	8624951	Stimulus	S 99
3452.4232	0.0004	8631059	Stimulus	S 70
3453.5232	0.0004	8633809	Stimulus	S130
3453.608	0.0004	8634021	Stimulus	S 99
3455.1224	0.0004	8637807	Stimulus	S 70
3456.2224	0.0004	8640557	Stimulus	S130
3456.3072	0.0004	8640769	Stimulus	S 99
3458.9552	0.0004	8647389	Stimulus	S 70
3460.0548	0.0004	8650138	Stimulus	S130
3460.14	0.0004	8650351	Stimulus	S 99
3461.6532	0.0004	8654134	Stimulus	S 70
3462.7532	0.0004	8656884	Stimulus	S130
3462.838	0.0004	8657096	Stimulus	S 99
3465.4304	0.0004	8663577	Stimulus	S 70
3466.5304	0.0004	8666327	Stimulus	S130
3466.6156	0.0004	8666540	Stimulus	S 99
3468.5512	0.0004	8671379	Stimulus	S 70
3469.6508	0.0004	8674128	Stimulus	S130
3469.736	0.0004	8674341	Stimulus	S 99
3472.1188	0.0004	8680298	Stimulus	S 70
3473.2188	0.0004	8683048	Stimulus	S130
3473.3036	0.0004	8683260	Stimulus	S 99
3475.9084	0.0004	8689772	Stimulus	S 70
3477.0084	0.0004	8692522	Stimulus	S130
3477.0936	0.0004	8692735	Stimulus	S 99
3479.56	0.0004	8698901	Stimulus	S 70
3480.6596	0.0004	8701650	Stimulus	S130
3480.7448	0.0004	8701863	Stimulus	S 99
3482.9632	0.0004	8707409	Stimulus	S 70
3484.0632	0.0004	8710159	Stimulus	S130
3484.1484	0.0004	8710372	Stimulus	S 99
3486.6844	0.0004	8716712	Stimulus	S 70
3487.7844	0.0004	8719462	Stimulus	S130
3487.8692	0.0004	8719674	Stimulus	S 99
3490.7276	0.0004	8726820	Stimulus	S 70
3491.8276	0.0004	8729570	Stimulus	S130
3491.9128	0.0004	8729783	Stimulus	S 99
3494.214	0.0004	8735536	Stimulus	S 70
3495.314	0.0004	8738286	Stimulus	S130
3495.3992	0.0004	8738499	Stimulus	S 99
3497.0844	0.0004	8742712	Stimulus	S 70
3498.184	0.0004	8745461	Stimulus	S130
3498.2692	0.0004	8745674	Stimulus	S 99
3500.2704	0.0004	8750677	Stimulus	S 70
3501.3704	0.0004	8753427	Stimulus	S130
3501.4556	0.0004	8753640	Stimulus	S 99
3503.5264	0.0004	8758817	Stimulus	S 70
3504.626	0.0004	8761566	Stimulus	S130
3504.7112	0.0004	8761779	Stimulus	S 99
3506.732	0.0004	8766831	Stimulus	S 70
3507.832	0.0004	8769581	Stimulus	S130
3507.9172	0.0004	8769794	Stimulus	S 99
3510.646	0.0004	8776616	Stimulus	S 70
3511.746	0.0004	8779366	Stimulus	S130
3511.8308	0.0004	8779578	Stimulus	S 99
3514.716	0.0004	8786791	Stimulus	S 70
3515.816	0.0004	8789541	Stimulus	S130
3515.9012	0.0004	8789754	Stimulus	S 99
3518.6608	0.0004	8796653	Stimulus	S 70
3519.7608	0.0004	8799403	Stimulus	S130
3519.846	0.0004	8799616	Stimulus	S 99
3522.7512	0.0004	8806879	Stimulus	S 70
3523.8512	0.0004	8809629	Stimulus	S130
3523.9364	0.0004	8809842	Stimulus	S 99
3526.0884	0.0004	8815222	Stimulus	S 70
3527.1884	0.0004	8817972	Stimulus	S130
3527.2732	0.0004	8818184	Stimulus	S 99
3529.1788	0.0004	8822948	Stimulus	S 70
3530.2788	0.0004	8825698	Stimulus	S130
3530.364	0.0004	8825911	Stimulus	S 99
3533.17	0.0004	8832926	Stimulus	S 70
3534.27	0.0004	8835676	Stimulus	S130
3534.3552	0.0004	8835889	Stimulus	S 99
3536.2668	0.0004	8840668	Stimulus	S 70
3537.3668	0.0004	8843418	Stimulus	S130
3537.4516	0.0004	8843630	Stimulus	S 99
3539.0956	0.0004	8847740	Stimulus	S 70
3540.1956	0.0004	8850490	Stimulus	S130
3540.2804	0.0004	8850702	Stimulus	S 99
3542.3556	0.0004	8855890	Stimulus	S 70
3543.4556	0.0004	8858640	Stimulus	S130
3543.5404	0.0004	8858852	Stimulus	S 99
3545.9112	0.0004	8864779	Stimulus	S 70
3547.0112	0.0004	8867529	Stimulus	S130
3547.096	0.0004	8867741	Stimulus	S 99
3548.6296	0.0004	8871575	Stimulus	S 70
3549.7296	0.0004	8874325	Stimulus	S130
3549.8144	0.0004	8874537	Stimulus	S 99
3552.3472	0.0004	8880869	Stimulus	S 70
3553.4472	0.0004	8883619	Stimulus	S130
3553.532	0.0004	8883831	Stimulus	S 99
3556.1124	0.0004	8890282	Stimulus	S 70
3557.2124	0.0004	8893032	Stimulus	S130
3557.2976	0.0004	8893245	Stimulus	S 99
3558.8728	0.0004	8897183	Stimulus	S 70
3559.9728	0.0004	8899933	Stimulus	S130
3560.058	0.0004	8900146	Stimulus	S 99
3561.5068	0.0004	8903768	Stimulus	S 70
3562.6068	0.0004	8906518	Stimulus	S130
3562.692	0.0004	8906731	Stimulus	S 99
3565.1228	0.0004	8912808	Stimulus	S 70
3566.2224	0.0004	8915557	Stimulus	S130
3566.3076	0.0004	8915770	Stimulus	S130
3568.1328	0.0004	8920333	Stimulus	S 70
3569.2328	0.0004	8923083	Stimulus	S130
3569.3176	0.0004	8923295	Stimulus	S 99
3572.2284	0.0004	8930572	Stimulus	S 70
3573.3284	0.0004	8933322	Stimulus	S130
3573.4132	0.0004	8933534	Stimulus	S130
3575.8568	0.0004	8939643	Stimulus	S 70
3576.9568	0.0004	8942393	Stimulus	S130
3577.0416	0.0004	8942605	Stimulus	S 99
3579.2772	0.0004	8948194	Stimulus	S 70
3580.3772	0.0004	8950944	Stimulus	S130
3580.462	0.0004	8951156	Stimulus	S130
3583.1668	0.0004	8957918	Stimulus	S 70
3584.2668	0.0004	8960668	Stimulus	S130
3584.352	0.0004	8960881	Stimulus	S130
3587.196	0.0004	8967991	Stimulus	S 70
3588.296	0.0004	8970741	Stimulus	S130
3588.3812	0.0004	8970954	Stimulus	S 99
3590.5736	0.0004	8976435	Stimulus	S 70
3591.6732	0.0004	8979184	Stimulus	S130
3591.7584	0.0004	8979397	Stimulus	S 99
3594.2772	0.0004	8985694	Stimulus	S 70
3595.3772	0.0004	8988444	Stimulus	S130
3595.462	0.0004	8988656	Stimulus	S 99
3597.7892	0.0004	8994474	Stimulus	S 70
3598.8892	0.0004	8997224	Stimulus	S130
3598.974	0.0004	8997436	Stimulus	S 99
3601.2492	0.0004	9003124	Stimulus	S 70
3602.3492	0.0004	9005874	Stimulus	S130
3602.434	0.0004	9006086	Stimulus	S 99
3604.074	0.0004	9010186	Stimulus	S 70
3605.174	0.0004	9012936	Stimulus	S130
3605.2592	0.0004	9013149	Stimulus	S 99
3607.6084	0.0004	9019022	Stimulus	S 70
3608.7084	0.0004	9021772	Stimulus	S130
3608.7932	0.0004	9021984	Stimulus	S 99
3610.396	0.0004	9025991	Stimulus	S 70
3611.496	0.0004	9028741	Stimulus	S130
3611.5808	0.0004	9028953	Stimulus	S 99
3613.7384	0.0004	9034347	Stimulus	S 70
3614.8384	0.0004	9037097	Stimulus	S130
3614.9232	0.0004	9037309	Stimulus	S 99
3616.3528	0.0004	9040883	Stimulus	S 70
3617.4528	0.0004	9043633	Stimulus	S130
3617.538	0.0004	9043846	Stimulus	S130
3619.7584	0.0004	9049397	Stimulus	S 70
3620.8584	0.0004	9052147	Stimulus	S130
3620.9432	0.0004	9052359	Stimulus	S 99
3622.826	0.0004	9057066	Stimulus	S 70
3623.926	0.0004	9059816	Stimulus	S130
3624.0112	0.0004	9060029	Stimulus	S 99
3625.742	0.0004	9064356	Stimulus	S 70
3626.842	0.0004	9067106	Stimulus	S130
3626.9268	0.0004	9067318	Stimulus	S 99
3628.6524	0.0004	9071632	Stimulus	S 70
3629.7524	0.0004	9074382	Stimulus	S130
3629.8376	0.0004	9074595	Stimulus	S130
3631.5024	0.0004	9078757	Stimulus	S 70
3632.602	0.0004	9081506	Stimulus	S130
3632.6872	0.0004	9081719	Stimulus	S 99
3634.2908	0.0004	9085728	Stimulus	S 70
3635.3908	0.0004	9088478	Stimulus	S130
3635.476	0.0004	9088691	Stimulus	S 99
3637.66	0.0004	9094151	Stimulus	S 70
3638.76	0.0004	9096901	Stimulus	S130
3638.8452	0.0004	9097114	Stimulus	S 99
3641.6256	0.0004	9104065	Stimulus	S 70
3642.7252	0.0004	9106814	Stimulus	S130
3642.8104	0.0004	9107027	Stimulus	S 99
3645.608	0.0004	9114021	Stimulus	S 70
3646.708	0.0004	9116771	Stimulus	S130
3646.7932	0.0004	9116984	Stimulus	S 99
3648.3512	0.0004	9120879	Stimulus	S 70
3649.4508	0.0004	9123628	Stimulus	S130
3649.536	0.0004	9123841	Stimulus	S130
3652.074	0.0004	9130186	Stimulus	S 70
3653.174	0.0004	9132936	Stimulus	S130
3653.2592	0.0004	9133149	Stimulus	S 99
3655.7652	0.0004	9139414	Stimulus	S 70
3656.8652	0.0004	9142164	Stimulus	S130
3656.9504	0.0004	9142377	Stimulus	S 99
3659.076	0.0004	9147691	Stimulus	S 70
3660.176	0.0004	9150441	Stimulus	S130
3660.2612	0.0004	9150654	Stimulus	S 99
3662.9684	0.0004	9157422	Stimulus	S 70
3664.0684	0.0004	9160172	Stimulus	S130
3664.1532	0.0004	9160384	Stimulus	S 99
3666.8536	0.0004	9167135	Stimulus	S 70
3667.9536	0.0004	9169885	Stimulus	S130
3668.0388	0.0004	9170098	Stimulus	S 99
3669.7272	0.0004	9174319	Stimulus	S 70
3670.8272	0.0004	9177069	Stimulus	S130
3670.912	0.0004	9177281	Stimulus	S 99
3672.9448	0.0004	9182363	Stimulus	S 70
3674.0448	0.0004	9185113	Stimulus	S130
3674.13	0.0004	9185326	Stimulus	S130
3675.6988	0.0004	9189248	Stimulus	S 70
3676.7988	0.0004	9191998	Stimulus	S130
3676.8836	0.0004	9192210	Stimulus	S 99
3679.058	0.0004	9197646	Stimulus	S 70
3680.158	0.0004	9200396	Stimulus	S130
3680.2428	0.0004	9200608	Stimulus	S 99
3682.0548	0.0004	9205138	Stimulus	S 70
3683.1548	0.0004	9207888	Stimulus	S130
3683.2396	0.0004	9208100	Stimulus	S 99
3685.2544	0.0004	9213137	Stimulus	S 70
3686.3544	0.0004	9215887	Stimulus	S130
3686.4392	0.0004	9216099	Stimulus	S 99
3689.09	0.0004	9222726	Stimulus	S 70
3690.19	0.0004	9225476	Stimulus	S130
3690.2752	0.0004	9225689	Stimulus	S 99
3692.496	0.0004	9231241	Stimulus	S 70
3693.596	0.0004	9233991	Stimulus	S130
3693.6808	0.0004	9234203	Stimulus	S 99
3695.476	0.0004	9238691	Stimulus	S 70
3696.576	0.0004	9241441	Stimulus	S130
3696.6608	0.0004	9241653	Stimulus	S 99
3698.8472	0.0004	9247119	Stimulus	S 70
3699.9472	0.0004	9249869	Stimulus	S130
3700.032	0.0004	9250081	Stimulus	S 99
3702.6984	0.0004	9256747	Stimulus	S 70
3703.7984	0.0004	9259497	Stimulus	S130
3703.8832	0.0004	9259709	Stimulus	S 99
3705.4972	0.0004	9263744	Stimulus	S 70
3706.5972	0.0004	9266494	Stimulus	S130
3706.6824	0.0004	9266707	Stimulus	S130
3709.1792	0.0004	9272949	Stimulus	S 70
3710.2792	0.0004	9275699	Stimulus	S130
3710.3644	0.0004	9275912	Stimulus	S 99
3712.2676	0.0004	9280670	Stimulus	S 70
3713.3676	0.0004	9283420	Stimulus	S130
3713.4524	0.0004	9283632	Stimulus	S 99
3715.6936	0.0004	9289235	Stimulus	S 70
3716.7936	0.0004	9291985	Stimulus	S130
3716.8784	0.0004	9292197	Stimulus	S 99
3719.0616	0.0004	9297655	Stimulus	S 70
3720.1616	0.0004	9300405	Stimulus	S130
3720.2464	0.0004	9300617	Stimulus	S 99
3723.0484	0.0004	9307622	Stimulus	S 70
3724.1484	0.0004	9310372	Stimulus	S130
3724.2332	0.0004	9310584	Stimulus	S 99
3725.7784	0.0004	9314447	Stimulus	S 70
3726.8784	0.0004	9317197	Stimulus	S130
3726.9632	0.0004	9317409	Stimulus	S 99
3728.9332	0.0004	9322334	Stimulus	S 70
3730.0332	0.0004	9325084	Stimulus	S130
3730.118	0.0004	9325296	Stimulus	S 99
3732.7608	0.0004	9331903	Stimulus	S 70
3733.8608	0.0004	9334653	Stimulus	S130
3733.946	0.0004	9334866	Stimulus	S 99
3736.2888	0.0004	9340723	Stimulus	S 70
3737.3888	0.0004	9343473	Stimulus	S130
3737.4736	0.0004	9343685	Stimulus	S 99
3740.3308	0.0004	9350828	Stimulus	S 70
3741.4308	0.0004	9353578	Stimulus	S130
3741.5156	0.0004	9353790	Stimulus	S 99
3743.2872	0.0004	9358219	Stimulus	S 70
3744.3872	0.0004	9360969	Stimulus	S130
3744.4724	0.0004	9361182	Stimulus	S 99
3746.514	0.0004	9366286	Stimulus	S 70
3747.614	0.0004	9369036	Stimulus	S130
3747.6988	0.0004	9369248	Stimulus	S 99
3749.894	0.0004	9374736	Stimulus	S 70
3750.994	0.0004	9377486	Stimulus	S130
3751.0788	0.0004	9377698	Stimulus	S130
3752.814	0.0004	9382036	Stimulus	S 70
3753.914	0.0004	9384786	Stimulus	S130
3753.9992	0.0004	9384999	Stimulus	S 99
3755.896	0.0004	9389741	Stimulus	S 70
3756.996	0.0004	9392491	Stimulus	S130
3757.0812	0.0004	9392704	Stimulus	S 99
3758.7576	0.0004	9396895	Stimulus	S 70
3759.8576	0.0004	9399645	Stimulus	S130
3759.9428	0.0004	9399858	Stimulus	S 99
3762.5876	0.0004	9406470	Stimulus	S 70
3763.6876	0.0004	9409220	Stimulus	S130
3763.7724	0.0004	9409432	Stimulus	S 99
